busv,current,power,hall_speed
11.609942536475117,28.774436549994025,371.2701850111798,16.35064932868806
11.664289259095364,30.631379688409044,394.0142083417914,17.018757366207456
11.717891173088997,32.452232679562755,416.2923115595237,17.678257796987197
11.770507715449465,34.225363574783415,437.95476323712796,18.326368242406502
11.821904855093017,35.93947781535939,458.85655192060744,18.96037990993856
11.871856634405631,37.58369781642406,478.85849317680896,19.57767495465586
11.920146650863135,39.147639429397884,497.828288936004,20.17574316259826
11.966569467757846,40.62148471243193,515.6415305031051,20.75219783212888
12.010931943607657,41.996050466899774,532.1826370964114,21.304790735658653
12.053054470445781,43.26285203077072,547.3457223277026,21.8314260512921
12.092772111886614,44.414161856410544,561.0353816571298,22.330173161977243
