busv,current,power,hall_speed
11.654215164011335,26.387687494043703,352.27358407320133,15.994860011289996
11.729968725783744,27.07616458305156,365.79558594118186,16.489386659817338
11.80411122523887,27.758230532971783,379.1804217593277,16.98043927733758
11.876128442046237,28.431796221259443,392.3833365816885,17.466876478929642
11.945525428105208,29.09481328301627,405.36039803110054,17.947571055886034
12.011830989799407,29.745283902497654,418.0686940458938,18.421413427408957
12.07460195094782,30.381270342424944,430.46652542594,18.88731503123148
12.133427157102295,31.000904161718058,442.5135922004486,19.344211641442797
12.187931184232102,31.602395073902585,454.1711728734498,19.791066602063047
12.237777717568717,32.18403940033573,465.4022956415449,20.226873965221504
12.282672569432897,32.744228074526696,476.1719007220329,20.650661523140855
12.32236630820326,33.28145415618845,486.446992977703,21.06149372351861
12.356656474179935,33.79431981623662,496.1967840771424,21.458474458322993
12.385389361915403,34.281542756733444,505.3928234860479,21.840749716483213
12.408461352592063,34.74196203274682,514.0091176454406,22.207510091451244
12.425819784185045,35.17454324623963,522.0222367565223,22.557993135141963
12.437463351421288,35.57838308540628,529.4114086588186,22.891485550319288
12.443442031892108,35.952713186315606,536.1585993578688,23.207325214085056
12.443856539056332,36.296903297281894,542.2485798306337,23.504903025742987
12.438857307244099,36.61046373005131,547.6689788106223,23.783664572949892
12.428643018097159,36.89304708564007,552.4103213300597,24.043111610727603
12.413458682119956,37.1444492464725,556.4660528728136,24.2828033485898
12.393593293127807,37.36460963032314,559.8325490688472,24.502357541735105
12.369377077326025,37.553610705445344,562.5091109382334,24.701451382969356
12.34117836250038,37.71167677015013,564.4979457698271,24.879822192742417
12.309400096310403,37.83917200396232,565.8041337961162,25.03726790541657
12.274476045919862,37.93659780130601,566.4355809011366,25.173647350620765
12.236866714143675,38.004589402438036,566.4029576722226,25.288880329285522
12.197055009910311,38.04391184003634,565.719625178362,25.382947484694455
12.155541713108722,38.05545522344077,564.4015479276432,25.455889969626703
12.112840775788783,38.04022938601788,562.4671945233257,25.507808911398516
12.069474503195817,37.99935792445992,559.9374266020764,25.53886467733755
12.025968659229562,37.9340716620149,556.8353766985327,25.54927594393891
11.982847541615419,37.845701570661525,553.1863157372595,25.539318573653844
11.94062907235462,37.73567119007439,549.0175109060306,25.50932430394825
11.899819948877417,37.605488583856705,544.3580747129276,25.459679253935914
11.86091090076106,37.45673787593488,539.2388060737213,25.390822254538662
11.824372095897038,37.291070412200575,533.6920243151594,25.30324300874917
11.790648738609239,37.110195594437776,527.7513970139303,25.197480089170806
11.760156900448791,36.91587143527643,521.4517626200006,25.074118780579177
11.73327962223906,36.709894884360565,514.8289488366187,24.933788775791207
11.710363323435253,36.49409197709973,507.91958774737986,24.77716173363636
11.691714552020757,36.27030785828222,500.76092869331535,24.604948708299993
11.677597105012802,36.040396733462444,493.3906499098985,24.417897459749025
11.668229546222504,35.80621180138846,485.84666993516777,24.216789655352898
11.663783144240448,35.56959522080877,478.1669597958321,24.00243797317759
11.664380249732796,35.332368164788505,470.389356968306,23.775683117755147
11.670093127070121,35.09632101517554,462.55138209616877,23.537390759415384
11.680943251109715,34.86320374908997,454.6900594246927,23.288448408508323
11.696901075650413,34.63471656826893,446.84174188692464,23.029762236045535
11.717886275717174,34.41250082078947,439.0419417445477,22.76225385244444
11.743768461450822,34.198130263120916,431.3251676505408,22.486857056171758
11.77436835701705,33.99310270863442,423.72476895974955,22.20451456415026
11.809459433648486,33.798832106629995,416.2727880681044,21.916174735816508
11.848769981733831,33.6166410936412,408.99982151164994,21.622788302696065
11.891985602807825,33.44775405625755,401.93489050308483,21.32530511529798
11.938752098412555,33.29329074197772,395.10532152645413,21.02467091902072
11.988678729130188,33.15426045168643,388.5366375503362,20.721824170609786
12.04134181366375,33.03155684425138,382.2524603566703,20.41769290651153
12.096288634697476,32.9259533804787,376.2744244166482,20.113191674230976
12.153041615430755,32.83809943026439,370.6221026772298,19.809218537523016
12.211102728176053,32.76851706325209,365.3129445522329,19.50665216592863
12.26995809426435,32.717598539674384,360.36222634098675,19.20634901881153
12.32908273273169,32.6856045143328,355.78301422565505,18.90914063365666
12.387945413883623,32.67266296288266,351.5861399259222,18.615831027963747
12.446013572863304,32.6787688357512,347.78018901722703,18.327194223605574
12.50275823779295,32.70378444115218,344.3715018465327,18.043971902026403
12.557658926922205,32.747440554787424,341.3641869081565,17.76687119813099
12.61020846950213,32.80933824996659,338.7601464718515,17.496562640161905
12.659917705807219,32.88895143805015,336.5591141865429,17.233678242284427
12.7063200228438,32.9856301053485,334.75870431626214,16.978809755996096
12.748975683800706,33.098604228911576,333.35447220027106,16.732507085854873
12.787475911203636,33.22698835003794,332.3399854674924,16.495276874377673
12.821446686010074,33.36978678083907,331.70690547651384,16.267581260302883
12.850552227506402,33.52589941583247,331.4450783969359,16.049836813738338
12.87449812181832,33.69412811732309,331.54263529600314,15.842413651033048
12.893034070092778,33.87318364028392,331.98610054658394,15.645634731519332
12.905956230924335,34.06169305958031,332.76050782890553,15.459775337574456
12.91310913534855,34.25820765971147,333.8495229592574,15.285062738750186
12.914387156675204,34.46121124478424,335.23557274434876,15.121676040017567
12.90973552154814,34.66912882419776,336.89997903034583,14.969746213475153
12.899150852858448,34.88033562751841,338.82309709096484,14.829356312175062
12.882681239464235,35.09316640027036,340.9844574794952,14.700541864034413
12.86042583204349,35.30592493086881,343.3629104553685,14.583291443123544
12.832533968785938,35.51689375768846,345.93677208693595,14.477547414958554
12.799203838975117,35.72434400429433,348.6839711285147,14.383206851777352
12.760680696782515,35.92654529017282,351.5821957715068,14.300122613147412
12.717254641752731,36.12177566388893,354.60903937646304,14.228104586642992
12.669257986462977,36.30833150546614,357.74214430529594,14.166921082740814
12.617062235655636,36.48453734493569,360.9593429903628,14.11630037751968
12.561074704733077,36.64875554443494,364.238795399702,14.075932396212156
12.501734808836831,36.799395791944434,367.55912208519453,14.045470530147997
12.439510056777356,36.934924355738666,370.8995320326333,14.024533579151031
12.374891786808089,37.05387304988063,374.2399445694344,14.012707811005633
12.308390683622935,37.15484786260793,377.5611046267702,14.009549129197168
12.240532117977816,37.236537201230874,380.8446906980026,14.014585339754658
12.17185135197558,37.29771970918151,384.0734148841559,14.02731850768443
12.102888654294556,37.337271613106005,387.23111446950526,14.047227393182267
12.034184370472534,37.354173560368764,390.30283452583734,14.073769957549166
11.9662739937725,37.34751691002356,393.2749011022374,14.106385928513756
11.89968328215027,37.3165094431889,396.1349846180081,14.144499414482802
