busv,current,power,hall_speed
11.624263702944873,27.181408619661727,360.8678012431006,16.43132446050869
11.685688683628294,28.255718970216048,378.56525272808693,17.139026865908292
11.746271457698214,29.310506521564573,395.98060278436884,17.83723982612394
11.805741298847764,30.33951210744803,413.0225356699631,18.522903556281985
11.8638359512886,31.33668654686136,429.60204317526353,19.19304578522645
11.920303612458568,32.296239476979004,445.6329738758468,19.844802290322985
11.974904827490953,33.21268579597711,461.0325642275183,20.47543655329651
12.027414279487935,34.08088928922003,475.721948132239,21.08235837790545
12.077622460538512,34.89610303952223,489.62664174266524,21.663141319071315
12.125337209448544,35.65400625329079,502.67700043297174,22.215538783172637
12.170385103298589,36.35073716899447,514.8086450433691,22.737498670490734
12.212612691204164,36.98292175225145,525.9628547040866,23.227176443164858
12.251887560011951,37.547697922507815,536.0869237602775,23.68294651536873
12.28809922311244,38.04273509939425,545.134480550899,24.103411876646202
12.321159825072252,38.466248901974254,553.0657660406085,24.487411874316983
12.351004656374608,38.81701088079262,559.8478705624921,24.83402809645696
12.37759247419027,39.09435321043797,565.4549271993058,25.14258831303679
12.40090562676999,39.29816831878057,569.8682606101106,25.412668449229578
12.420949980738271,39.42890347766008,573.0764903958681,25.644092581533076
12.437754652262566,39.487550428102054,575.0755883899012,25.83693096404988
12.451371544757565,39.47563016066271,575.8688895551703,25.99149610888918
12.461874697445722,39.39517301777451,575.4670564681535,26.10833696105198
12.469359450719042,39.24869432953695,573.8879976668202,26.18823122419781
12.473941435818716,39.039165836832275,571.156740435783,26.232175909228392
12.475755397855274,38.76998319553003,567.3052588933131,26.241376192528264
12.474953862619293,38.44492989248884,562.3722585305866,26.217232684847247
12.471705658969098,38.06813793770751,556.402918631464,26.161327225073318
12.46619430981581,37.64404572699513,549.4485942694624,26.075407325414
12.458616305846721,37.177353495628005,541.5664798356598,25.961369405674525
12.449179277125866,36.672976805389595,532.8192362953673,25.82124096429689
12.438100078577017,36.1359985249358,523.2745846009961,25.657161842520264
12.425602806081681,35.571619776424434,513.0048679021028,25.47136474536607
12.411916760506994,34.98511032967262,502.0865853897924,25.26615518907836
12.397274377410309,34.381758928681606,490.59990079021503,25.043891049111767
12.381909140445401,33.76682403416618,478.6281286796851,24.806961885717485
12.366053496616962,33.14548545976336,466.2572019309886,24.557768225608864
12.349936791494539,32.52279736893625,453.5751237158551,24.298700978080145
12.333783242304591,31.903643084345763,440.6714075816453,24.03212116230694
12.31780996647148,31.29269214179129,427.6365091904652,23.76034011939085
12.302225082678397,30.69435999692135,414.561253355758,23.485600378050965
12.287225900871267,30.11277076502841,401.53626003465985,23.210057336753138
12.272997216838718,29.551723342649762,388.6513729339464,22.93576191755842
12.259709726075956,29.014661224715567,375.9950943632768,22.664644338129207
12.247518570587658,28.504646292967195,363.6540299218632,22.39849913823439
12.236562031114527,28.024336810694123,351.7123465340179,22.138971585829623
12.226960375989352,27.575969815912575,340.2512472557531,21.887545575455302
12.2188148764532,27.1613480603631,329.3484661593946,21.645533118398617
12.212206996801996,26.78183159558295,319.07778646680305,21.41406550992472
12.207197766201372,26.438334060273423,309.5085849452215,21.194086244016177
12.203827337416362,26.13132367569958,300.7054054040402,20.986345730600625
12.202114736066234,25.860828908404276,292.72756393707834,20.79139785432638
12.202057802347547,25.626448712560805,285.6287883446387,20.60959839770407
12.203633325485066,25.427367218297142,279.4568939439886,20.44110533500877
12.206797369484885,25.26237268775578,274.25349773758626,20.285880986875192
12.211485787091757,25.129880517949633,270.0537726568792,20.143696009159633
12.217614917207733,25.027960029060903,266.8862433375361,20.01413517352951
12.22508245942589,24.954364739105873,264.7726246112611,19.89660488151311
12.233768517785295,24.906565791229625,263.72770362167205,19.790342338534973
12.243536804374783,24.881788168643517,263.75926618892873,19.6944262999086
12.254235992016305,24.877049304683748,264.8680677617358,19.607789286982467
12.265701203955903,24.889199671924782,267.0478490078878,19.529231158758357
12.277755627292906,24.91496491495816,270.28539580755626,19.457433912433135
12.290212235796162,24.950989076536285,274.5606431289077,19.390977575559592
12.302875606799484,24.993878456428035,279.8468219852425,19.328357042971746
12.315543816045203,25.04024563663988,286.1106483984698,19.267999703357525
12.328010393661906,25.08675320567656,293.31255302716465,19.20828369345869
12.340066323926262,25.130156718257048,301.4069498604041,19.147556612393835
12.351502071073583,25.167346435325538,310.34254213269253,19.084154524582768
12.362109613191112,25.195387402216053,320.06266338215084,19.01642107723399
12.371684466153829,25.211557440312877,330.5056513552257,18.942726557363603
12.380027679645377,25.213382649319794,341.6052522578685,18.86148671385179
12.386947787546166,25.198670043090242,353.29105266671627,18.771181172107635
12.392262695364206,25.165536971619296,365.4889362454394,18.67037127248642
12.395801487928914,25.112437014958143,378.1215622621454,18.557717168654868
12.397406141258859,25.038182071151216,391.1088627744592,18.4319940285849
12.396933123345452,24.94196039945037,404.36855524040584,18.29210718871988
12.394254869558605,24.82335042163805,417.81666722615614,18.137106121029973
12.389261119469076,24.682330127875296,431.3680698165313,17.96619708307657
12.381860103086098,24.519281978644898,444.9370162912711,17.778754332749244
12.371979565817652,24.33499324063287,458.43768260963094,17.57432980192207
12.359567622862777,24.130651741319102,471.7847062479583,17.352661136791387
12.344593435228763,23.907837074161446,484.8937199593903,17.11367802698579
12.32704770111788,23.668507333083948,497.6818770714903,16.857506760558408
12.306942958034968,23.41498150105152,510.0683650060906,16.58447295755057
12.284313692615086,23.149917662367262,521.9749037953189,16.295102450819762
12.259216256844777,22.876287251516402,533.3262264780719,15.99012029911527
12.231728591037221,22.5973455924685,544.0505383912691,15.670447933819906
12.201949755605757,22.316599020925153,554.0799525191339,15.337198457214482
12.169999275347367,22.037768917676424,563.3508982304652,14.991670126419455
12.136016301583389,21.764753013646537,571.8045009172016,14.635338073185036
12.100158599094565,21.5015843560421,579.3869302462962,14.269844325297596
12.062601366317931,21.252388349972367,586.0497149496116,13.896986210411054
12.023535898730623,21.02133831073935,591.7500223017959,13.518703237466974
11.983168106717734,20.812609978483355,596.4509006723546,13.137062564410689
11.941716900496079,20.630335458849242,600.1214837838014,12.754243173526515
11.89941245583199,20.478557060685112,602.7371555612036,12.37251888729181
11.8564943753389,20.361181504422532,604.2796747179367,11.994240368087786
11.813209761060396,20.281934972682375,604.7372584862966,11.621816254312668
11.76981121482879,20.244319467821086,604.104625168034,11.257693593340084
11.726554783530798,20.251570929640053,602.3829954471188,10.904337738283278
11.683697866905678,20.30661955043623,599.5800526733553,10.564211880606475
11.641497105842246,20.41205270412912,595.7098625890956,10.23975639422402
11.60020626932692,20.57008088155648,590.7927532305363,9.933368168813066
11.560074158223667,20.782506995428555,584.8551559882453,9.647380110618515
11.521342543937976,21.05069938614814,577.9294090570044,9.384040988042795
11.484244159732057,21.375568824057215,570.0535247412226,9.145495796796231
11.44900076201965,21.757549765010605,561.2709223075367,8.933766815356305
11.415821278379962,22.196586074882678,551.6301282893671,8.750735515980244
11.384900058296367,22.692121395090943,541.1844463477886,8.598125489580912
11.35641524175295,23.243094275899335,529.9915989778569,8.477486534470604
11.330527259818245,23.8479381575902,518.1133435183846,8.390180049370798
11.30737748021929,24.504586232028974,505.6150650750305,8.33736586026073
11.287087009670179,25.21048116915749,492.56534910057195,8.319990598685912
11.269755663378126,25.962589645016276,479.0355364915549,8.338777736171659
11.255461110718636,26.75742156048568,465.09926415653126,8.394219365497388
11.244258204561564,27.591053793520338,450.8319940872481,8.486569804903551
11.236178500155185,28.459158282689646,436.31053402006955,8.615841085950724
11.231229967849156,29.357034196775338,421.61255281032413,8.78180036986082
11.229396902273638,30.27964390444148,406.81609365707334,8.9839693208801
11.23064002890521,31.22165241998728,391.99908830998874,9.221625448652222
11.234896807255145,32.17746996629647,377.2388753637918,9.49380541491898
11.242081928226726,33.14129726465534,362.61172569930886,9.799310283219903
11.252088001520312,34.107173133438216,348.1923780640799,10.136712673782313
11.264786427332004,35.06902395403024,334.0535877001647,10.504365769622012
11.280028445008385,36.02071454300974,320.2656908229997,10.900414104150984
11.297646349799464,36.956099954739166,306.89618763367105,11.322806045446942
11.317454867407713,37.86907772826682,294.0093464086911,11.769307877910277
11.33925267467578,38.75364008692435,281.66583105731286,12.237519368441601
11.362824053500248,39.603925598276604,269.92235436771256,12.724890691633416
11.387940663915215,40.41426980615155,258.8313589812117,13.228740576892479
11.414363421266732,41.17925435531258,248.44072793939563,13.746275529993232
11.441844461506616,41.893754142849915,238.79352644387365,14.274609972398087
11.470129177879263,42.5529820484339,229.92777625394643,14.810787133845489
11.498958311664405,43.15253081801533,221.87626392507917,15.351800527269292
11.528070079177716,43.688411702160046,214.6663838623473,15.894615830128123
11.557202316923505,44.15708948070885,208.3200169294907,16.436192992734668
11.5860946266423,44.55551353956129,202.85344511745006,16.97350839221154
11.614490502002152,44.88114470276295,198.27730253787115,17.503576850280137
11.642139418845865,45.131977563363165,194.59656276863132,18.023473334215158
11.668798871225777,45.30655809931308,191.81056234155758,18.53035416296053
11.694236335930285,45.403996405572386,189.91305992872705,19.021477544580268
11.718231148828021,45.42397442014963,188.89233055459636,19.49422327687339
11.740576277120981,45.36674856955935,188.73129393819764,19.94611145006829
11.76107997250044,45.233147307673654,189.40767585419295,20.374819998966935
11.779567291231237,45.02456357070053,190.8942011950794,20.77820096166147
11.795881468342106,44.74294221956024,193.1588172206049,21.154295312910563
11.80988513436222,44.39076258877984,196.16494529569687,21.50134625234725
11.821461364405938,43.97101630771454,199.87175924610202,21.81781084078921
11.830514550857277,43.48718060497951,204.23448830250885,22.102369891924845
11.836971092430238,42.943187349992364,209.20474246015038,22.353936041434
11.84077989396748,42.34338812606855,214.73085795260528,22.57165993104292
11.841912672974564,41.69251566717884,220.7582604264693,22.75493446097816
11.840364070555482,40.99564202490583,227.22984330838258,22.90339708063534
11.8361515661034,40.258133862986774,234.08635877807836,23.016930103875865
11.82931519679361,39.48560530380285,241.26681870105543,23.095659052066893
11.819917084609097,38.68386877400816,248.70890283242127,23.13994904464166
11.808040775288191,37.858884314963035,256.34937157956386,23.150399273437642
11.7937903952043,37.01670783756714,264.1244806055886,23.12783561322699
11.777289633755519,36.163438810343976,271.9703945678049,23.073301436548785
11.758680560343523,35.30516787412207,279.82359731573604,22.988046716051446
11.738122286443579,34.447924876347535,287.6212959208089,22.873515511927177
11.71578948459842,33.59762781295516,295.30181597459136,22.731331955545272
11.69187077739662,32.76003315587239,302.8049856736258,22.56328485295175
11.666567010610446,31.940688029733487,310.0725063058508,22.371311043392208
11.640089425659147,31.144884682386287,317.0483068655549,22.157477658334315
11.612657747422942,30.377617670468695,323.67888064987056,21.923963435528385
11.584498204152963,29.643544153951584,329.91360182903503,21.673039250371854
11.555841496797012,28.946947662359516,335.7050201339568,21.407048033170085
11.526920735485229,28.291705660700362,341.009131966938,21.12838424575898
11.49796936118995,27.681261205305287,345.785626413487,20.83947309433242
11.469219070687917,27.11859893917335,349.99810481379876,20.542749657172436
11.440897762909591,26.606225633435525,353.61427274038135,20.240638106296224
11.41322752456003,26.146155436623747,356.60610342212186,19.935531200810576
11.386422672540412,25.73989994699716,358.9499718534701,19.629770227012408
11.360687870191848,25.38846317569916,360.62675902898,19.325625556018068
11.336216333728247,25.092341420462024,361.6219259468086,19.025277983982328
11.313188144428114,24.8515280214176,361.925557228514,18.7308010128297
11.291768681223466,24.66552292278571,361.5323744052746,18.44414422092968
11.272107187265483,24.533346917268332,360.4417191210596,18.167117863376298
11.254335482870372,24.45356040433998,358.65750670002205,17.901378830567477
11.238566835965358,24.424286449741025,356.18815071713226,17.648418081715374
11.22489499977495,24.443237891784577,353.0464593965754,17.409549656860584
11.213393426023611,24.50774820098572,349.24950484051027,17.18590135702429
11.20411466039541,24.61480576340122,344.81846626027016,16.97840716743307
11.197089925397492,24.76109122528061,339.778448541924,16.787801483420097
11.19232889413612,24.943017507495775,334.1582776273112,16.61461518277539
11.189819656845813,25.15677207302361,327.9902743292964,16.459173572124378
11.189528880328256,25.398361009745873,321.31000832523677,16.321596218498655
11.191402158772751,25.663654474209373,314.1560341847992,16.20179866076692
11.195364552758724,25.948433029916902,306.5696113866429,16.099495979161375
11.2013213115976,26.248434406308164,298.5944103625826,16.014208184906483
11.20915877257056,26.55940020191323,290.27620667723716,15.945267376074018
11.21874542907421,26.87712205723506,281.6625655054992,15.89182659038816
11.229933158211256,27.197486829721974,272.80251860924886,15.85287027091922
11.242558596971016,27.516520314650585,263.74623603843554,15.827226246563768
11.256444654846685,27.83042907173555,254.54469478998666,15.813579116032194
11.27140214954439,28.13563993765491,245.2493466510568,15.810484911867109
11.287231551363227,28.42883682921691,235.9117874311214,15.816386909902192
11.30372482087525,28.70699447035246,226.58342975066157,15.829632439637408
11.320667323717823,28.96740870820808,217.31518150306977,15.848490542338265
11.337839805635218,29.207723119013412,208.15713204146303,15.871170316339466
11.355020410377339,29.42595164275314,199.15824806389523,15.895839783109416
11.37198672268599,29.620497026597132,190.36608107971225,15.920645103162736
11.388517818376076,29.79016490012698,181.82648823724153,15.943729967932274
11.404396303452803,29.934173350210337,173.58336817950837,15.963254992254507
11.419410324296647,30.052157909467,165.67841347111803,15.977416932196356
11.433355531195032,30.144171919183538,158.15088100680458,15.984467554555092
11.446036977900942,30.21068227479565,151.03738167145923,15.9827319874835
11.457270940450892,30.252560609198483,144.37169037376407,15.970626386301207
11.466886639172671,30.27107001569331,138.18457742198729,15.946674754611035
11.47472784865141,30.267847457869895,132.50366205218168,15.90952476829329
11.480654381393109,30.244882057702277,127.3532887571214,15.857962458736246
11.484543432019807,30.2044894951644,122.75442689998395,15.790925621701971
11.486290770040284,30.14928279232942,118.72459393122067,15.70751582943536
11.485811770554204,30.082139791807716,115.27780236142185,15.607008935904188
11.4830422736545,30.006167673136012,112.42453047843546,15.488863978302476
11.477939264780552,29.92466488101448,110.17171663468889,15.35273039204307
11.47048136982994,29.841080865799867,108.52277677169954,15.198453471287378
11.460669160446493,29.75897405913464,107.47764469421439,15.026078022480382
11.448525266552343,29.681968525799984,107.03283445733935,14.835850174245127
11.434094294867915,29.613709746642602,107.18152408738325,14.628217323204343
11.41744255385143,29.557819996603673,107.913659721871,14.40382621169757
11.398657587174045,29.517853786379796,109.2160791271613,14.163519149807465
11.377847519513614,29.497253836025823,111.07265343411034,13.90832841045679
11.35514022008462,29.49930804386824,113.4644458240013,13.639468842445778
11.330682290910119,29.527107904483866,116.36988579914386,13.358328762028398
11.304637888369594,29.583508815307148,119.76495758570125,13.066459198839162
11.277187388011344,29.671092692799423,123.62340114093202,12.765561586547424
11.248525903986556,29.792133296231356,127.91692417348519,12.457474002407096
11.218861675733049,29.948564630220314,132.61542353402075,12.14415607276641
11.18841433569828,30.14195276649633,137.68721429441055,11.82767267349298
11.157413072934009,30.37347139124666,143.09926480725335,11.510176565050298
11.126094708309507,30.643881347149893,148.81743602344017,11.193890111538858
11.094701697868766,30.95351439922464,154.8067233439567,10.881086241305459
11.063480081492813,31.3022614112839,161.0314992928884,10.574068813654572
11.032677394515543,31.689565075524335,167.45575532142678,10.275152561706296
11.002540560276186,32.11441729202995,174.0433410872721,9.986642785486989
10.973313781770594,32.57536124818829,180.75819959976923,9.710814971876115
10.945236450585583,33.07049820066844,187.56459667791864,9.449894519042799
10.918541091165155,33.59749891516649,194.42734323552267,9.206036742479117
10.893451358165828,34.153619672057935,201.31200898453437,8.981307337676995
10.870180104213036,34.735722699876014,208.18512623347962,8.777663470919762
10.848927534775282,35.340300853622736,215.01438255188341,8.596935664596762
10.829879466132805,35.963506311761925,221.76880117314897,8.44081063694348
10.81320570153912,36.60118302477214,228.41890811646724,8.310815248215826
10.799058539664577,37.24890260976302,234.93688512220186,8.20830169609164
10.787571428279831,37.90200335026159,241.29670761387138,8.13443409263586
10.778857774893467,38.55563192821455,247.4742670224246,8.090176543555
10.77300992471276,39.204787486846236,253.44747693398233,8.076282837803491
10.770098314861425,39.84436759854673,259.196362649673,8.093287841995858
10.770170812275397,40.46921569168897,264.703133874621,8.141500679641831
10.773252241120472,41.074169474388725,269.9522403816048,8.220999760080613
10.779344103947468,41.65410988189335,274.9304106224252,8.331629706274832
10.788424499135758,42.204010067628104,279.6266733856804,8.473000214469868
10.800448235488691,42.71898395601335,284.0323627225212,8.644486862268405
10.815347143149374,43.19433387801803,288.14110648116997,8.845233865055292
10.833030578317045,43.62559681800757,291.94879890570184,9.074158764076245
10.853386117577566,44.00858881271043,295.4535578639957,9.329959012969278
10.876280436030635,44.33944705994762,298.65566737312093,9.611120413311253
10.901560361815452,44.614669315983946,301.55750618703587,9.915927333913896
10.929054098119282,44.83115018576127,304.16346330070496,10.242474633319967
10.958572602312927,44.986213939617144,306.4798413060208,10.588681190342488
10.98991111050581,45.07764352308964,308.514748607717,10.952304933683786
11.022850794563047,45.103705462739555,310.27798157139154,11.330959248786078
11.057160537488299,45.063170410228814,311.7808977304018,11.722130628211225
11.092598812059073,44.955329108793265,313.03628122350796,12.123197421127564
11.128915646714493,44.78000361032911,314.058201670485,12.531449527988192
11.165854661946906,44.53755361714219,314.86186771837646,12.944108878299255
11.203155159844464,44.2288778695374,315.46347650656,13.35835052257035
11.240554248977435,43.855410548390225,315.88006030435764,13.77132416417005
11.2777889865201,43.41911271017027,316.1293315706498,14.180175952924484
11.314598519355588,42.92245882010424,316.2295276710074,14.582070359929956
11.350726205923806,42.368418496796934,316.19925646448604,14.974211952222047
11.385921700742927,41.76043362820649,316.0573439397452,15.353866886660615
11.41994298386097,41.10239106393326,315.8226850389387,15.718383944648316
11.452558317973132,40.398591131889596,315.5140987583194,16.065214933078256
11.483548116568617,39.653712268141796,315.1501885572078,16.391934282174105
11.512706707242058,38.87277208665827,314.74920904245795,16.696257677597654
11.53984397521298,38.06108525048187,314.32893982441465,16.97605957229667
11.564786873133627,37.22421853712767,313.90656736324905,17.229389432981495
11.587380784422672,36.367943518483436,313.49857554218374,17.454486586771147
11.607490728628987,35.49818729888171,313.12064561719455,17.649793545347197
11.625002398695491,34.62098177409626,312.7875661020563,17.81396769679617
11.639823021445878,33.742411888595754,312.5131530538772,17.945891269097736
11.651882034144279,32.86856337832376,312.31018112830526,18.04467948380879
11.661131571566585,32.005470491467136,312.1903256762229,18.10968683377813
11.667546759658071,31.159064180069695,312.1641160557551,18.140511434570403
11.671125813521531,30.33512125094486,312.24090023560484,18.13699741554733
11.671889939168317,29.539214955176675,312.4288206689134,18.09923533310785
11.669883040157362,28.776667481666607,312.73480132174427,18.027560605285732
11.665171231929431,28.052504801817353,313.164545647735,17.922549983600177
11.657842168301098,27.37141428972415,313.7225452111054,17.785016094608576
11.648004186201097,26.73770551539198,314.41209857479254,17.616000099879294
11.635785276296286,26.15527457777783,315.23533998964444,17.41676253894692
11.621331888652504,25.627572310170056,316.19327734494743,17.18877243509642
11.604807583993756,25.157576652901326,317.2858387706671,16.933694758416188
11.58639154244931,24.74776944801364,318.51192721814334,16.653376354337535
11.56627694290092,24.400117867650785,319.8694822890767,16.34983045872174
11.544669227151036,24.116060643067488,321.35554853284185,16.025219932356233
11.521784264117752,23.89649921465318,322.9663493898323,15.68183935837726
11.497846430115082,23.74179387573164,324.6973659239321,15.32209615555711
11.473086621990435,23.65176493458118,326.54341946053717,14.948490868498762
11.447740220458787,23.62569887059891,328.4987572279522,14.563596802501317
11.4220450213901,23.66235941228341,330.55714008954436,14.170039176138335
11.396239153069558,23.76000341720557,332.71193145173953,13.770473968383612
11.370558997556651,23.916401387844488,334.9561864387524,13.36756663939332
11.345237134218504,24.128862412537373,337.28274043870846,12.963970904791095
11.320500323305312,24.394263278267598,339.6842961473564,12.562307742497707
11.296567547073266,24.709081462009102,342.1535082646309,12.16514480880767
11.273648125446039,25.06943167025144,344.6830650355936,11.7749764365621
11.251939922544368,25.471105562509216,347.26576587036294,11.394204382934502
11.231627659610098,25.909614264403608,349.8945943271561,11.025119487580646
11.212881348913383,26.380233249588336,352.56278579797436,10.669884393764283
11.195854862167636,26.878049147630627,355.26388929729876,10.330517475628236
11.180684645795674,27.398008017169172,357.99182281981507,10.00887810411723
11.167488594102311,27.934964610424494,360.7409218030848,9.706653372267127
11.156365090025004,28.483732146559877,363.50598030457286,9.4253463877581
11.147392221666621,29.039132107567212,366.28228457886496,9.166266226896449
11.14062718127618,29.596043571310936,369.06563881960153,8.930519629661495
11.136105851747448,30.149451602096565,371.85238291088933,8.719004500255345
11.133842584065793,30.694494229574094,374.6394021140434,8.532405261855597
11.133830167464625,31.2265075618357,377.42412869674536,8.371190098131287
11.136039992368847,31.74106859807044,380.20453559235136,8.235610097678833
11.14042240451839,32.2340353298967,382.97912225646934,8.125700301010566
11.146907246994944,32.70158374827271,385.74689296534206,8.041282633225023
11.155404585233725,33.140241404403994,388.5073278753531,7.9819706891492945
11.165805608503998,33.54691720801309,391.26034723447975,7.9471763217096205
11.177983699800727,33.91892718436138,394.0062692041261,7.936117968695783
11.19179566461882,34.25401595213806,396.7457618129012,7.947830638072437
11.207083107693482,34.55037372735062,399.47978962201773,7.981177457685547
11.223673945497378,34.80664870323831,402.20955573458747,8.034862681737911
11.241384041098906,35.02195470253968,404.93643982771135,8.107446033880834
11.260018946915997,35.19587404571543,407.6619329265167,8.197358255297171
11.279375739956047,35.32845562649272,410.387569672838,8.302917715832601
11.299244933322772,35.4202082338802,413.1148588677733,8.422347937156772
11.31941244710227,35.472089207132775,415.84521308664966,8.553795869181101
11.33966162121892,35.48548855655162,418.5798781768338,8.695350754592765
11.359775252481679,35.46220872802925,421.31986345321604,8.845063411438767
11.379537637826035,35.4044402324451,424.0658734030423,9.000965760253047
11.398736605698069,35.314733401958,426.8182417010796,9.161090420291554
11.41716551762558,35.195966573522576,429.5768683179777,9.323490199041984
11.434625222275859,35.051311035197976,432.3411604792588,9.486257300309592
11.450925944708537,34.884193102673656,435.1099781998614,9.647542078837226
11.465889094091363,34.698253721592465,437.8815850798277,9.805571173573524
11.479348973851732,34.497306015427185,440.65360500090355,9.958664857322002
11.491154379081669,34.28529121862943,443.4229853118919,10.105253447535269
11.501170066990902,34.06623345031904,446.18596703298186,10.243892631403321
11.509278087303532,33.84419379476745,448.93806254647774,10.37327756804845
11.51537896070906,33.62322416124454,451.67404117387633,10.492255641498158
11.519392694797405,33.4073213973822,454.38792296766735,10.599837750067705
11.521259628318905,33.20038212704867,457.072980971154,10.695208030741169
11.520941096101659,33.00615877585629,459.721752121659,10.777731930981295
11.518419908517206,32.828217234925475,462.3260568923292,10.846962555005607
11.513700640997786,32.669896596523564,464.8770276860823,10.90264522680953
11.506809730760395,32.534271373860015,467.3651459127388,10.944720227967506
11.497795379570162,32.42411659186499,469.78028759774986,10.973323684361462
11.486727263063809,32.34187610646011,472.11177728888094,10.988786592333305
11.473696048838194,32.28963447694156,474.3484499464553,10.99163199119304
11.458812727174948,32.26909267996603,476.47872042397546,10.98257030539322
11.442207759905246,32.281547914620795,478.4906600698374,10.962492895862034
11.42403005450474,32.32787770655726,480.3720799080796,10.93246387583122
11.4044457720339,32.408528475590195,482.11061978731266,10.893710261862838
11.383636978990209,32.52350868594515,483.6938428227618,10.847610545538314
11.361800154503147,32.672386651925265,485.10933439732156,10.795681785294999
11.339144565569004,32.85429302462988,486.3448049341685,10.739565331058582
11.315890524179128,33.06792793796029,487.38819560634107,10.681011306509156
11.292267541232277,33.31157274496451,488.2277861081813,10.62186198492902
11.26851239303032,33.583106229075746,488.8523035800695,10.564034204514133
11.244867116928592,33.88002512944872,489.2510317517723,10.50950097770238
11.221576953341199,34.199468775849496,489.4139193512813,10.460272456404992
11.1988882517819,34.538247586842616,489.3316868154383,10.418376420957213
11.177046358948711,34.89287514576023,488.9959303360853,10.385838465080845
11.156293507032158,35.259603532523734,488.3992222810514,10.364662052132703
11.136866720441793,35.634461556183304,487.53520704298984,10.356808619374604
11.118995759002742,36.0132955033744,486.3986913909059,10.364177906928031
11.102901115375259,36.391811992062095,484.9857284290289,10.388588686469744
11.088792083997564,36.76562249820886,483.2936943053363,10.431760061597155
11.076864918250156,37.13028910558193,481.32135685728656,10.495293507169752
11.067301091792878,37.481371015981594,479.06893543486854,10.58065580885466
11.060265679141185,37.81447134885704,476.5381512005682,10.689163056622299
11.055905869532673,38.12528375566544,473.73226727187125,10.821965837116153
11.054349626997809,38.409638375456865,470.65611814400233,10.980035759733427
11.055704508299907,38.663546664029006,467.31612790821055,11.164153439988597
11.060056649059229,38.88324463953184,463.7203168634767,11.374898051384633
11.067469926936592,39.06523410250994,459.8782962064527,11.612638543694386
11.077985309235336,39.20632140790512,455.8012505750496,11.877526611370284
11.09162039069998,39.30365339030724,451.5019083147135,12.169491480877118
11.108369125659324,39.35475007150796,446.9944994323476,12.488236570207613
11.128201756994727,39.35753381090133,442.2947013002964,12.833238057828215
11.151064942725856,39.3103545941802,437.41957227106076,13.203745381949535
11.176882079310316,39.212011193751856,432.38747346168736,13.59878367446469
11.205553819065404,39.06176797496339,427.2179790642963,14.017158117289668
11.236958777454028,38.85936716518732,421.9317756351864,14.457460192317955
11.27095442434725,38.60503644764441,416.5505509086481,14.91807577990759
11.307378151796776,38.29949178808891,411.0968727722213,15.397195044894183
11.346048509335999,37.94393544969589,405.5940591269531,15.892824033704551
11.386766596390693,37.54004919920073,400.0660394384958,16.402797891366276
11.429317600032704,37.0899827550755,394.5372088619708,16.924795593195178
11.473472465063807,36.59633757581313,389.03227589472755,17.456356072817503
11.518989682282621,36.062146132757356,383.5761045758787,17.994895616058304
11.56561717977551,35.49084685690557,378.19355230917614,18.537726379208788
11.613094301190884,34.88625499227622,372.9093044359266,19.082075880366112
11.66115385421328,34.252529629342924,367.74770672674856,19.62510730400637
11.709524211855298,33.594137230287544,362.73259699464256,20.16394045177776
11.757931448737072,32.91581199303454,357.88713705673626,20.69567316674908
11.806101494228352,32.22251343284769,353.2336462879059,21.21740305406796
11.853762284189974,31.51938158838027,348.7934380160351,21.726249318212442
11.900645893070662,30.81169028319205,344.58666000582394,22.219374535780865
11.946490628291706,30.104798893639835,340.6321402657254,22.694006183071785
11.99104306918427,29.404103089509604,336.9472393907598,23.147457739554227
12.034060033229313,28.714985024639354,333.5477106227101,23.577149191704635
12.075310452983842,28.042763460964032,330.44756876870133,23.98062676656096
12.114577147854385,27.392644310840165,327.65896906956164,24.35558173067609
12.15165847579178,26.769672079156138,325.1920970510443,24.69986809788749
12.186369851023489,26.178682678638353,323.0550703241929,25.011519098391794
12.21854511510087,25.624258078999297,321.2538532263798,25.288762271945227
12.248037749809786,25.11068323326314,319.79218511224354,25.530033059513602
12.274721921861993,24.641905702919132,318.67152301450545,25.733986780272364
12.29849335074053,24.221498377702165,317.8909992990128,25.89950889439868
12.319269992601956,23.852625656035503,317.4473948370021,26.02572346648909
12.336992534728555,23.53801341878758,317.3351281112341,26.11199975955395
12.351624696660867,23.279923092317105,317.5462605620076,26.157956905254277
12.363153335810733,23.080130057169956,318.07051836495754,26.16346661222356
12.371588357043327,22.939906616636513,318.89533071575596,26.128653890817624
12.376962427408312,22.86000969509324,320.0058845782228,26.053895789318336
12.37933049888116,22.84067339007277,321.3851957327828,25.939818153339388
12.37876914363084,22.88160645478517,323.01419584252704,25.787290436800802
12.37537570794548,22.98199473981319,324.8718351352742,25.597418609211182
12.369267292509015,23.14050857440027,326.935200182827,25.371536219982797
12.360579568216053,23.35531501961486,329.1796461439765,25.1111936959673
12.349465438125858,23.624094878184785,331.5789427265929,24.81814596320713
12.336093557477728,23.944064299416404,334.1054330171986,24.494338497922485
12.320646724907323,24.312000772803845,336.7302042245577,24.141891924876372
12.30332015910627,24.724273261133174,339.4232692878591,23.76308529336836
12.284319676146279,25.176876183518495,342.1537582107361,23.360338172097656
12.263859783535276,25.665466921267168,344.8901179003861,22.93619171391464
12.242161707779683,26.185406485132244,347.60031921709066,22.49328884996302
12.219451372787615,26.73180295170694,350.25206987408677,22.03435377983037
12.195957346857824,27.299557249754535,352.8130317715626,21.562170930012627
12.171908776254996,27.883410854412404,355.251041302026,21.07956355720987
