busv,current,power,hall_speed
11.65568747860741,27.43187475164099,368.9148988119466,16.9400251771321
11.732879539498445,28.63735885338955,390.5358153683535,17.895483935462067
11.809292746138103,29.830359047519895,411.7558247822461,18.83360533507188
11.88467272942321,31.0068136694321,432.44615153765113,19.748821143680253
11.958769584628168,32.162745666201516,452.48213239306153,20.635741549961228
12.031338944294417,33.2942827653068,471.7441779991049,21.489196869054762
12.102143022674195,34.39767699675128,490.11869108285384,22.30427735316714
12.170951626394366,35.46932344869408,507.4989333692171,23.076370766065217
12.237543126196154,36.50577814174936,523.7858338645478,23.801197400304385
12.301705384825603,37.50377491290905,538.8887316475585,24.474842238933686
12.363236636396048,38.46024120655531,552.7260468931839,25.093783988983418
12.421946312816509,39.372312677211404,565.2258744909394,25.654920742027286
12.477655813176998,40.23734651648567,576.3264953048847,26.155592047266605
12.530199212301623,41.05293342503881,585.9768008513424,26.593597214633203
12.57942390502111,41.81690815929615,594.1366279365002,26.96720969905741
12.625191183076014,42.52735859197172,600.7770005920431,27.275187451991343
12.667376741938346,43.18263323520893,605.8802774658928,27.516779162196162
12.705871115230362,43.781347185207814,609.4402036595949,27.691726344369076
12.740580034822559,44.3223864575328,611.4618668464254,27.800261271066915
12.771424715106217,44.80491069281021,611.9615583473121,27.843100780244328
12.798342060356646,45.22835422315904,610.9665406776351,27.821436027230114
12.821284794529104,45.59242550038265,608.5147238993877,27.73691828578361
12.840221513257903,45.89710489760952,604.6542539126949,27.591640937680438
12.855136658257734,46.1426409066381,599.4430165911434,27.388117823757824
12.866030414752455,46.3295447636436,592.9480623999,27.12925816120158
12.872918532977918,46.458583546071914,585.2449568276064,26.818338261793574
12.875832075219364,46.530771793412875,576.4170626064017,26.458970313589962
12.874817090248312,46.547361714042594,566.5547602833775,26.055068513818817
12.86993421741608,46.5098320493928,555.7546142361108,25.610812863444977
12.861258223039075,46.41987567527993,544.118491689953,25.130610953648635
12.848877472072488,46.27938602825489,531.7526426913593,24.619058091228034
12.832893338412047,46.09044245225928,518.7667493162676,24.080896123519487
12.813419557485867,45.85529456764902,505.27295264251427,23.520971333712357
12.79058152509863,45.57634577072452,491.38486618838505,22.944191784336716
12.764515546766448,45.25613597725015,477.2165846141559,22.35548449016196
12.735368042031196,44.89732372801739,462.8816964991517,21.759752801741875
12.70329470846676,44.50266777827755,448.49230994339337,21.16183437738459
12.66845965028487,44.0750082958163,434.1580996010068,20.566460114454017
12.631034476614236,43.617247794544,419.98538353360624,19.97821440069531
12.591197374662654,43.13233193172117,406.07623797793497,19.401497032821073
12.549132163076582,42.62323029731875,392.5276577559013,18.84048713303118
12.505027330886413,42.092917323527246,379.4307696201912,18.29910937462534
12.459075067467406,41.54435344108196,366.87010532890923,17.7810028055921
12.41147028895621,40.980466606872646,354.92294068279415,17.289492534231446
12.362409666541064,40.404134324272135,343.65870614362336,16.827564513726692
12.312090661990222,39.81816627377029,333.1384739881131,16.397843633378688
12.260710575698475,39.22528766686481,323.41452624399284,16.00257529322738
12.208465612416418,38.6281234307712,314.5300069104798,15.643610606300046
12.155549969682077,38.02918332540757,306.51866119086435,15.322395339046645
12.102154953800643,37.430848087328926,299.4046636674074,15.039962665961987
12.048468128016529,36.835356687876626,293.20253653550714,14.79692977927322
11.99467249729416,36.24479478482245,287.9171581924813,14.593498359212909
11.940945733870922,35.66108443827929,283.54386165381163,14.429458875129543
11.887459447469723,35.08597515267851,280.0686214537425,14.304198652831515
11.834378503760778,34.52103629724122,277.4683268851148,14.216713609437665
11.781860394344891,33.9676509476592,275.7111386524892,14.165623523928385
11.730054661195288,33.42701118171883,274.75692526002024,14.14919067985726
11.679102378144227,32.900114851416106,274.5577747379709,14.165341686581424
11.629135691636375,32.387763843791674,275.0585766356542,14.211692257171816
11.58027742259533,31.890563832333342,276.1976685800373,14.285574695124234
11.532640730865266,31.408925510419017,277.90754112386463,14.384067818342242
11.486328843298596,30.943067287978415,280.1155940901025,14.504029027811796
11.441434846165404,30.4930194224048,282.74493716538177,14.642128210120944
11.398041542163382,30.058629544819755,285.7152271079416,14.7948831476536
11.356221371910717,29.63956953315098,288.9435336187829,14.958696098035125
11.31603639941115,29.23534367419117,292.34522568108497,15.129891195330979
11.277538360592567,28.845298047928658,295.8348700045399,15.304752319669788
11.240768773640546,28.46863105903765,299.3271331195209,15.479561079420227
11.205759109478295,28.104405032544967,302.73767865165706,15.650634550808093
11.172531020386824,27.751558783404445,305.98405137043994,15.814362423896046
11.141096624416019,27.4089210630591,308.986539745258,15.967243211113106
11.111458842910626,27.07522478009959,311.66900895735705,16.10591918493471
11.08361178816693,26.749121886876647,313.9596966045813,16.22720972476707
11.057541197948007,26.429198819429185,315.79196369465006,16.3281427694458
11.033224913319426,26.113992374380544,317.1049939487741,16.40598409085383
11.010633396024968,25.80200590355664,317.84443492666304,16.458264125810064
10.989730281404364,25.491725705011532,317.9629750318563,16.482802127366305
10.970472962663974,25.181637487921943,317.4208510577671,16.477727422743232
10.952813202147292,24.870242788440525,316.18628158430135,16.44149759308602
10.936697765116609,24.55607521407991,314.2358222264143,16.372913419758444
10.922069071450473,24.23771639553303,311.55463946315706,16.27113047274068
10.908865860584434,23.91381152700953,308.1367005319441,16.135667248557137
10.897023864975544,23.583084379168675,303.98487765103454,15.966409797736862
10.886476487353939,23.244351672534965,299.1109656264297,15.763612814793635
10.877155477038187,22.896536703867408,293.53561270030224,15.527897196797218
10.868991600634148,22.538682123285597,287.2881652993825,15.260244109482962
10.861915302510013,22.16996176599822,280.4064281361243,14.961985632208897
10.855857350542115,21.789691449191544,272.9363418957315,14.634792084618258
10.850749462756479,21.39733865196993,264.9315815011479,14.280656168310617
10.846524910648933,20.99253100414758,256.45307867900954,13.901874085888002
10.843119095150909,20.575063518116117,247.5684732456991,13.501023827157882
10.84047009141763,20.144904506898172,238.35149818772385,13.08094083779559
10.838519158848708,19.702200140782523,228.88130421874948,12.644691309163914
10.837211213006993,19.247277604556896,219.24173005125195,12.195543349049295
10.836495256377809,18.780646827245313,209.52052511893172,11.736936311616278
10.836324765206072,18.30300076634898,199.8085319222528,11.272448580742541
10.83665802996098,17.815214238814818,190.1988355398628,10.805764113941008
10.837458447305309,17.318341301243024,180.78588814987404,10.340638064193481
10.838694761786414,16.81361119212424,171.6646166344126,9.880861804132142
10.840341255816947,16.30242285909736,162.9295214964341,9.430227681057552
10.842377886872665,15.78633810427067,154.67377539822422,8.992493832252148
10.844790371200228,15.267073390482944,146.988329635623,8.571349387941387
10.84757021369733,14.746490360929371,139.961036790831,8.170380384105476
10.85071468399849,14.226585133774842,133.6757976604382,7.793036699215669
10.854226739169915,13.709476442159952,128.21174033544196,7.4426003179508085
10.85811489378387,13.197392698313468,123.64243901857942,7.122155211159418
10.862393038504404,12.692658068261107,120.03517980401604,6.834559104912748
10.86708020867004,12.197677650810851,117.45028021862842,6.582417392611531
10.8722003047026,11.71492186105021,115.94046883677571,6.368059422952392
10.877781766502878,11.246910124464668,115.5503307360086,6.1935173733393905
10.883857204310962,10.796193992939573,116.31582396466217,6.060507893268324
10.89046298880987,10.365339798302523,118.26387154916786,5.970416675561969
10.897638803533766,9.956910962670396,121.41203288508883,5.924286085349875
10.905427162904562,9.573450087658744,125.76825763758565,5.922805947636557
10.913872899461719,9.21746094647092,131.33072453079984,5.966307564464432
10.923022624067595,8.891390503996972,138.08776663830528,6.05476100233643
10.932924163063845,8.597611090308662,146.0178840052977,6.1877756600054505
