busv,current,power,hall_speed
11.687274058375898,26.25661881016626,365.5480951378337,15.596922358274172
11.779314601673416,26.880805112656535,385.44380021148703,15.894949922092561
11.86945306680246,27.50006396720651,404.88905395786895,16.19245749128402
11.957078149922989,28.112786583250088,423.73960625903266,16.489272306955336
12.041597785861669,28.71739284988763,441.85619980107487,16.785222100502093
12.122443663232271,29.312338257811433,459.105738155976,17.08013521548981
12.199075546827626,29.89612065758365,475.36240145857755,17.373840729075063
12.270985372332634,30.467286823207086,490.50870019436564,17.666168572875552
12.337701080317691,31.02443879082727,504.4364581431057,17.956949653198155
12.398790158657768,31.566239943441403,517.0477161292964,18.246015970534796
12.45386286496609,32.09142081366129,528.2555489076648,18.533200738236427
12.502575103311479,32.59878457787768,537.9847882546854,18.818338500275928
12.544630932382145,33.087212216597045,546.1726461390025,19.101265248011657
12.579784685341595,33.555667317261175,552.7692326977635,19.381818535863985
12.607842684867395,34.003200497509226,557.7379646449112,19.659837595818097
12.628664540243637,34.42895342859235,561.0558606736894,19.935163450667115
12.642164016863918,34.83216244049514,562.7137213809805,20.207639025910794
12.648309472063726,35.21216169224747,562.716192227298,20.47710926022576
12.64712385480907,35.56838589291564,561.0817090448551,20.74342121442477
12.638684270391156,35.90037256083416,557.8423266085522,21.006424178823174
12.62312111488412,36.20776381076887,553.0434317823681,21.265969778932472
12.600616787683538,36.490307660879694,546.7433437379461,21.521912079401705
12.571403993927602,36.74785885356563,539.0128047047143,21.77410768612914
12.535763651980645,36.98037918651663,529.9343656434055,22.022415846467844
12.494022424401917,37.18793735255592,519.6016721293752,22.26669854745041
12.446549893903441,37.37070828912158,508.1186565809957,22.50682061195952
