busv,current,power,hall_speed
11.662108559460039,27.15291956653994,350.6742528976893,16.517599663263862
11.742184075164852,28.21864927783679,363.36052463767186,17.265613118320687
11.821092918338438,29.271572022299996,375.8667724859382,18.000779484716126
11.89845920160951,30.307533543550186,388.13465163721276,18.718976412054023
11.973918043375546,31.322476997294658,400.10723001221294,19.416216860176288
12.047118145628744,32.31246614889733,411.72932548203323,20.08868064299827
12.117724258301392,33.27370781177512,422.9478325955007,20.73274448142497
12.185419509671366,34.202573385816656,433.71203685003405,21.345010298332518
12.249907583554947,35.095619360913126,443.9739146214726,21.922331505102036
12.310914725370637,35.949606657466084,453.6884169546009,22.461837048037218
12.368191560672003,36.761518683348235,462.8137355131743,22.9609530040028
12.421514711406115,37.528577995188954,471.3115490955534,23.417421537585387
12.470688196941634,38.2482614609808,479.14724923894175,23.829317056781388
12.515544608811172,38.91831383079541,486.2901435609812,24.19505943042152
12.555946050108831,39.536759632791394,492.71363562133917,24.513424157995736
12.591784832557677,40.1019133226235,498.3953802271129,24.78354941098396
12.62298392639492,40.61238762574846,503.3174132535231,25.00493989395326
12.649497160395086,41.067100023892856,507.4662552045922,25.177467503272553
12.671309171544099,41.465277349022536,510.832987896365,25.301368791037703
12.688435106070207,41.80645846045208,513.4133038067923,25.37723927140952
12.700920075710988,42.090494993173486,515.20752780068,25.40602463576066
12.708838375230188,42.317550177983996,516.2206111041191,25.389008971527726
12.71229246927408,42.48809574646894,516.4620975695575,25.32780010719904
12.711411758656254,42.60290694626518,515.9460624391473,25.224312232175926
12.706351138063937,42.66305570421122,514.6910239791966,25.08074596507569
12.697289358971208,42.66990198690054,512.7198285214818,24.899566067162368
12.684427213208672,42.62508341971647,510.05950960685124,24.683477018779563
12.667985554160614,42.53050323656318,506.741122082014,24.435396695717845
12.648203173925513,42.38831664314547,502.79955215071965,24.15842839919929
12.625334555972278,42.200915686717956,498.2733045248001,23.855831507448425
12.599647523841947,41.97091273465852,493.20426795788575,23.530991028509376
12.571420807273885,41.70112267295705,487.63746057420155,23.187386342957595
12.54094154776974,41.3945439436935,481.62075652592597,22.82855943136109
12.508502766041968,41.05433854775583,475.20459562440834,22.458082884717065
12.474400814023113,40.683811145373575,468.44167769244297,22.07952799660025
12.438932834135624,40.28638739247381,461.38664347615304,21.69643323341122
12.402394248339775,39.86559165537207,454.09574403532224,21.312273373936392
12.365076299091474,39.42502424985859,446.6265005997227,20.930429601483986
12.327263663756252,38.968338353313605,439.0373569357315,20.554160821225935
12.289232163246197,38.49921674006417,431.3873263119553,20.186576462164794
12.251246584680596,38.02134849077507,423.73563518443564,19.830611007492248
12.213558636727816,37.538405826243014,416.1413657410916,19.489000479170052
12.176405054976161,37.05402121454401,408.66309945126613,19.164261082525663
12.140005873217564,36.571764898078705,401.35856375954376,18.858670194714204
12.104562874923626,36.095122983689706,394.28428404343623,18.57424985727368
12.070258237463717,35.62747623471199,387.49524292222515,18.312752907926594
12.037253379775748,35.1720796985953,381.0445489593916,18.07565186050668
12.00568802226889,34.7320432976423,374.9831167439344,17.864130614672952
11.975679465731822,34.310313503481915,369.3593602668268,17.67907904918359
11.947322093958816,33.90965620819279,364.218901428308,17.52109052421287
11.920687102707877,33.53264089656085,359.60429542013253,17.39046228978272
11.895822455490004,33.18162621485638,355.554774624876,17.28719876912502
11.872753064575594,32.85874702181335,352.1060125625238,17.211017657966245
11.85148119351283,32.565902997253936,349.28990929353733,17.161358753604635
11.831987075402644,32.30474887309482,347.1343995581309,17.137395401494203
11.81422973918452,32.07668634037318,345.66328479437715,17.138048422113584
11.798148034275124,31.882857674514632,344.89609003383254,17.16200235742142
11.783661842085207,31.72414110941221,344.84794652349075,17.207723854410222
11.770673461235978,31.601147979072557,345.5295007679489,17.27348198337546
11.759069151719705,31.514221633695737,346.9468505266367,17.357370270706724
11.748720821815258,31.463438125166704,349.10150813877567,17.45733021045138
11.7394878402904,31.44860864513265,351.9903913843781,17.571176005744793
11.731218955310805,31.469283687198978,355.60584192406117,17.696620280566705
11.723754300540772,31.524758893377324,359.9356711947301,17.831300494269122
11.716927468171047,31.614082533838367,364.96323347328183,17.972805785995924
11.710567628051576,31.736064558334142,370.6675256573805,18.118703973525598
11.704501671746383,31.88928714743076,377.0233131520517,18.266568431230354
11.698556360167139,32.07211668200159,384.0012810942865,18.41400457474972
11.692560453482496,32.282717040336195,391.568209995986,18.558675685585623
11.686346802241419,32.519064123782925,399.6871747393259,18.698327817076787
11.679754379087822,32.77896150411753,408.317765718853,18.830813534011227
11.67263023107674,33.06005707886715,417.41633079218093,18.954114251373603
11.664831333422534,33.35986061466388,426.9362365768251,19.066360953259235
11.656226326509776,33.67576205339314,436.8281475152577,19.16585309065699
11.646697119167657,34.00505045147446,447.0403210243459,19.25107547642819
11.63614034253796,34.34493341909068,457.51891694961876,19.320713017184758
11.624468640342428,34.69255692358995,468.2083194598356,19.373663144680528
11.611611782963529,35.04502531963512,479.0514694436271,19.40904583354034
11.597517594478308,35.399421467976865,489.99020540797636,19.426211117417402
11.582152683611746,35.75282680498042,500.9656108283681,19.4247440417338
11.565502971486856,36.102341226237165,511.9183658628661,19.404467017759554
11.547574011025501,36.4451026497282,522.7891013173788,19.365439569653212
11.52839109487824,36.77830612706073,533.5187527371079,19.307955492951724
11.507999150814314,37.09922237524461,544.0489124996934,19.232537469589026
11.486462425564994,37.40521560628448,554.3221777988739,19.139929210575033
11.463863960165472,37.693760537498264,564.2824924334662,19.031085222717955
11.440304861863343,37.9624584718899,573.8754803549975,18.907158319970947
11.415903379636145,38.20905234505989,583.0487689781265,18.769485022887444
11.390793792268319,38.43144064297497,591.7523003207723,18.61956901104924
11.36512511976108,38.62769010338496,599.9386281152466,18.459062812975052
11.33905967057024,38.79604712270589,607.5631991171812,18.289747935729988
11.31277143877068,38.934947799721655,614.5846169351638,18.113513652061613
11.286444366716903,39.04302655742208,620.9648868101347,17.932334676233022
11.260270490093228,39.119123294622746,626.6696398891104,17.74824797067518
11.234447983411988,39.1622890296273,631.6683356620056,17.563328934033088
11.20917912501298,39.1717900090226,635.934441362435,17.379667227050728
11.184668201432492,39.14711026566191,639.4455872726221,17.19934249597213
11.161119371638291,39.087952620917086,642.1836970180615,17.024400253700996
11.138734512061578,38.99423813728738,644.1350920884903,16.856828176855956
11.117711063594136,38.86610403836459,645.2905699771359,16.698533072107082
11.098239901756305,38.70390012389482,645.6454554891402,16.55131875783243
11.080503251078435,38.50818371817167,645.1996249315998,16.41686509726731
11.064672664376538,38.27971320017056,643.9575030607969,16.296708407036412
11.050907087045067,38.0194401736196,641.9280328259633,16.192223450385264
11.03935102574128,37.728500344530715,639.1246181123299,16.10460720771242
11.03013283990311,37.40820318252116,635.5650398482657,16.03486459831788
11.02336317343447,37.0600204504806,631.2713460010635,15.983796306816426
11.019133542618572,36.68557369472529,626.2697161423813,15.951988845625845
11.017515094892898,36.28662079467832,620.5903014165922,15.939806961552764
11.01855755155184,35.86504167727515,614.2670408924048,15.947388470001009
11.022288345749411,35.42282330667731,607.3374554192018,15.974641574967396
11.028711965370178,34.96204406444707,599.8424202437749,16.021244707025364
11.037809508438567,34.4848576390628,591.8259177697045,16.0866488851913
11.04953845676218,33.993476546514735,583.3347719597667,16.170082582188325
11.063832671472307,33.49015540569613,574.4183659907798,16.270559046436077
11.080602612052953,32.97717409338391,565.1283448695386,16.386886008368045
11.099735778357772,32.456820903781136,555.5183048073725,16.517677673671663
11.121097373021609,31.931375836871222,545.6434712288443,16.66136888201524
11.144531179599397,31.403094138220567,535.5603673567583,16.816231287013505
11.169860649729069,30.87419021037333,525.3264753705233,16.980391391823623
11.196890190636019,30.346822012632508,514.9998921777672,17.151850255072667
11.225406642392734,29.823076061838844,504.638981869605,17.328504663997894
11.255180932536401,29.304953141778157,494.3020269480082,17.50816955591479
11.285969893946394,28.794354823103095,484.0468804191736,17.688601455576975
11.3175182303085,28.293070889193327,473.93062083964486,17.867522684796846
11.349560612058346,27.802767756243895,464.00921238223987,18.042646091972127
11.38182388441616,27.32497796811978,454.33717195672506,18.2117000430039
11.414029368010846,26.861090838201562,444.9672453758458,18.37245341156127
11.445895231653992,26.4123443016336,435.95009450105886,18.52274030578704
11.477138916072752,25.979818032136915,427.3339972344658,18.660484270360353
11.507479586851698,25.56442786793154,419.1645621444263,18.783721707322346
11.536640594473479,25.166921581396593,411.4844594226413,18.89062426618852
11.564351919189802,24.787876016954144,404.33316977067244,18.97951996355056
11.590352578499873,24.427695611366783,397.7467527045247,19.048912804516505
11.61439297526284,24.086612300265095,391.75763564773325,19.097500692835556
11.636237164922122,23.764686804342922,386.39442505707905,19.124191433259263
11.655665020968861,23.461811278352165,381.681740691382,19.128116648442415
11.672474278613606,23.17771329586758,377.6400739936008,19.10864345329889
11.686482437662281,22.911961132850227,374.28567141055123,19.065383751997647
11.697528506795429,22.663970303385916,371.6304433238293,18.998201046491303
11.705474572817897,22.4330112916831,369.6818991109021,18.90721467037987
11.710207179967385,22.21821841554895,368.44310869774574,18.79280138777752
11.711638506030898,22.018599748186592,367.9126908048142,18.655594323413766
11.709707323803121,21.8330480173315,368.08482792748845,18.496479217197567
11.704379738314172,21.660352393525653,368.9493079314374,18.316588023633745
11.695649692238664,21.499211072768105,370.49159198350156,18.117289903534896
11.683539233955923,21.34824455292406,372.6929083807449,17.90017968214687
11.668098544843547,21.206009498167223,375.5303716851526,17.667063873834746
11.649405724534427,21.071013081404466,378.97712642003063,17.419944398597217
11.627566335031121,20.941727691123152,383.0025144373749,17.16100013963634
11.60271270673151,20.81660588642992,387.5722649242259,16.892566513766084
11.575003011556385,20.694095482239966,392.6487058811278,16.617113247366117
11.54462011046338,20.572654645635623,398.19099577810164,16.33722056966591
11.51177018466359,20.450766884352866,404.15537397376016,16.05555405218182
11.476681161808582,20.326955809172635,410.4954283720649,15.77483833795172
11.439600950268705,20.199799553685356,417.1623786894021,15.497830016664398
11.400795496361459,20.06794473744968,424.10537361274754,15.227289911733275
11.36054668099552,19.93011986196156,431.2718000482338,14.965955052710417
11.31915007365701,19.785148033063653,438.60760258891236,14.716510611096773
11.276912562966352,19.63195890842637,446.0576112713279,14.481562079523542
11.234149884164644,19.46959977448659,453.5658756430274,14.263607973431114
11.191184064837563,19.297245663694625,461.07600312760525,14.065013330755757
11.148340810943424,19.114208430050017,468.5314996505174,13.88798427877769
11.10594685577352,18.919944708650068,475.87611047781144,13.734543928242445
11.064327294831497,18.714062693276063,483.05415922118567,13.606509843220811
11.023802929771396,18.49632767484169,490.0108829763556,13.50547332102898
10.984687644479331,18.2666662927627,496.6927615875082,13.4327807000211
10.947285836121823,18.025169460910178,503.04783906845876,13.38951689434686
10.91188992351722,17.772093939712548,509.0260352607772,13.376491334014498
10.87877795451908,17.507862536102778,514.5794458702883,13.394226466012306
10.848211333238126,17.23306292329371,519.6626290955984,13.442948948036053
10.820432686879913,16.94844508273218,524.2328771452077,13.522583640777688
10.795663890748342,16.654917380956697,528.2504710328217,13.632750477999746
10.774104268571238,16.353541304388667,531.6789171431002,13.772764266007625
10.75592898375648,16.045524885249705,534.4851641716474,13.941637435906667
10.74128763549908,15.732214861742458,536.6397991628734,14.138085743466206
10.730303071846654,15.41508762528913,538.1172214967017,14.360536882787112
10.723070429909306,15.095739016918605,538.8957938091977,14.607141951561335
10.719656411387266,14.775873043763182,538.9579689722092,14.875789677799876
10.72009879950388,14.457289595004122,538.2903924022218,15.164123290762227
10.724406221291858,14.141871244429918,536.8839791179234,15.469559892712091
10.732558157005938,13.831569233985249,534.7339651185633,15.789312163308352
10.744505196245449,13.528388739238428,531.8399328101484,16.12041220516057
10.760169538185076,13.234373523531866,528.2058103629014,16.45973731756594
10.77944573115144,12.951590092660744,523.8398450402782,16.804037465911765
10.802201644666292,12.68211146621024,518.7545506962464,17.149964196869995
10.828279665023398,12.428000685139276,512.9666297925306,17.49410073450021
10.857498103494047,12.19129417780184,506.49687044020385,17.83299297986752
10.889652804383328,11.973985108323737,499.3700191194054,18.163181126897346
10.924518938402965,11.778006832089375,491.6146298762456,18.481231600033517
10.96185296520209,11.605216583030643,483.26289093618846,18.783769014913517
11.001394747419777,11.45737951644605,474.35042980760164,19.067507861774267
11.042869797305702,11.336153229217908,464.91609807688315,19.32928361267394
11.085991635809496,11.243072876547771,455.00173721688634,19.566082957852814
11.130464243075878,11.179537000714085,444.65192684253753,19.775072883624215
11.175984578509802,11.146794182892558,433.91371695091266,19.953628314023113
11.222245148000548,11.145930623799751,422.83634577700894,20.099358050954923
11.268936595521001,11.177858752857214,411.4709449804477,20.210128762666102
11.315750296151611,11.243306958769026,399.8702339518963,20.284086787860023
11.362380927618778,11.342810526905359,388.08820509066476,20.319677542543143
11.408528997684387,11.476703860738874,376.1798019563606,20.31566233852121
11.453903305174295,11.645114055845946,364.20059223737337,20.271132446167154
11.498223313084587,11.847955885720571,352.2064375070919,20.185520259426802
11.541221413049113,12.08492824891844,340.2531617549787,20.058607447775096
11.58264506148248,12.355512116919796,328.39622068385654,19.890530007729467
11.62225876891959,12.658970011643039,316.69037375699037,19.68178015530303
11.659845925444925,12.994347030827546,305.1893609588597,19.433205030163435
11.695210446629384,13.360473428610591,293.9455862020106,19.146002211973173
11.728178226055453,13.755968747624136,283.0098092693094,18.82171207914027
11.75859838229776,14.179247487910008,272.43084812652495,18.4622070697189
11.78634429011886,14.628526286974758,262.2552933748239,18.069677933186668
11.811314387622492,15.101832574454471,252.52723653685848,17.646617090010178
11.833432753159908,15.597014654212387,243.28801378415875,17.195799243023593
11.852649447890778,16.111753156323598,234.57596661801585,16.720259410426706
11.868940622039073,16.643573791384846,226.42622091158893,16.22326857441149
11.882308385036842,17.189861329994795,218.8704856081836,15.70830716181841
11.892780441895127,17.74787472115054,211.93687225028359,15.179036593589977
11.900409500261919,18.314763254763683,205.6497363866469,14.639269157935342
11.90527245470263,18.887583665576553,200.02954177144244,14.092936477870586
11.907469356750147,19.463318068513946,195.09274813076425,13.544056857005746
11.907122181200888,20.038892608989727,190.85172312880547,12.996701797983553
11.904373400962712,20.61119670594998,187.3146790193408,12.454961995736502
11.899384384473642,21.177102760518142,184.48563431886944,11.922913112644594
11.892333631291459,21.73348619904817,182.36440068669856,11.404581644697721
11.883414862888968,22.277245716222414,180.94659504532225,10.903911186877998
11.872834986965412,22.80532358157643,180.2236768225919,10.424729402184552
11.860811954689375,23.314725871510948,180.18301004628853,9.970715992067097
11.847572531212759,23.80254248847615,180.80794987271872,9.54537195657606
11.833350000530933,24.26596682959073,182.07795298473596,9.15199042037149
11.818381826304165,24.70231496848605,183.9687111520487,8.79362928597488
11.802907290595593,25.109044216639298,186.4523071086318,8.473085958442953
11.787165132618059,25.483770933863166,189.49739176935944,8.192874366153816
11.771391209515519,25.82428746193471,193.06938168141804,7.955204480814005
11.755816200934941,26.128578060544825,197.13067548635493,7.761964516325792
11.740663378674656,26.394833730800666,201.64088805654373,7.614705961025811
11.726146462029586,26.621465818377533,206.55710086598737,7.514631571258063
11.712467578598774,26.80711829604966,211.8341270604258,7.462586426534347
11.699815349284686,26.950678633681175,217.42478960614525,7.459052117927365
11.688363115006318,27.051287172775577,223.28021082127873,7.5041441121124395
11.678267321280789,27.10834493230363,229.3501115280962,7.597612303901912
11.669666075313378,27.12151978269219,235.58311801027452,7.738844740486371
11.662677888588444,27.090750935493556,241.92707491562376,7.926874471191708
11.65740061618829,27.01625170729372,248.32936221256386,8.160389447661931
11.653910602200524,26.898510527785408,254.73721428788835,8.43774537126064
11.652262038624158,26.73829017355199,261.0980392641767,8.756981357416697
11.652486543168564,26.53662522090141,267.35973661763137,9.115838260879539
11.654592959276368,26.294817722976795,273.47101119108913,9.511779481641142
11.658567379610476,26.014431128271713,279.3816817223876,9.942014048853705
11.664373392146015,25.697282469510952,285.0429820449714,10.403521759636485
11.671952545919583,25.345432863543287,290.40785316536704,10.893080131413416
11.681225031430198,24.961176374350753,295.4312244806207,11.40729291052583
11.692090568677521,24.5470273024293,300.0702824676132,11.942619866468974
11.70442949388225,24.105705974565335,304.2847252548989,12.495407590330025
11.71810403407867,23.640123118343894,308.0370015758779,13.06192100795606
11.732959757017417,23.15336291550791,311.29253269912965,13.638375313123557
11.748827182183824,22.648664837476698,314.01991603704073,14.220968023560175
11.765523537238769,22.12940437486044,316.19110924676284,14.805910863099886
11.782854642838466,21.59907278061687,317.78159375737505,15.389461176523142
11.80061690759969,21.06125595353342,318.7705167831287,15.96795258970403
11.818599413958438,20.519612594930976,319.14081101408016,16.53782463649066
11.836586074832239,19.977851776831496,318.87929131144125,17.095651085189306
11.854357840347024,19.43971006427227,317.9767278747736,17.6381667114894
11.871694933434608,18.908928337953107,316.4278954908793,18.162292281011826
11.888379092850355,18.38922846594166,314.2315986190135,18.665157523221122
11.904195802105093,17.884289974718897,311.39067221300076,19.144121899027077
11.918936482950913,17.397726870407404,307.9119583270815,19.59679298680522
11.932400632405981,16.933064760584166,303.8062586979693,20.02104233556604
11.944397882845422,16.493718425636928,299.08826363979097,20.415018659360047
11.95474996541873,16.08296998618714,293.7764577304252,20.777158273468885
11.963292557972116,15.703947809687266,287.89300290642586,21.106192700239706
11.969876999748049,15.359606294925026,281.4635997183514,21.401153400300796
11.974371856393937,15.052706667861987,274.51732762815277,21.66137361307807
11.97666432022558,14.785798916030021,267.0864653544869,21.8864873187357
11.97666143224551,14.56120498164747,259.2062923897243,22.076425361615545
11.97429111409725,14.381003325743007,250.91487292326346,22.231408802673663
11.96950299992818,14.247014966940158,242.25282350894935,22.351939595043042
11.962269060019363,14.160791089215108,233.26306590925478,22.438788702428393
11.95258401000294,14.123602302957211,223.99056663492632,22.492981804315125
11.940465501508251,14.136429633099928,214.48206477546168,22.515782754714365
11.925954092137781,14.199957297019662,204.78578978268658,22.508674982151362
11.909112994754489,14.314567323395178,194.95117092640268,22.473341037633407
11.890027608143345,14.48033605135539,185.02854018730818,22.411640514224825
11.868804833172947,14.69703253709863,175.06883038785733,22.325586576450235
11.845572180608471,14.964118882821383,165.123270386262,22.217321349906562
11.820476678696314,15.280752490331814,155.24307917230462,22.08909043107637
11.793683590535018,15.645790229225456,145.4791607059817,21.943216784312945
11.76537495304903,16.057794497050924,135.8818013312379,21.782074297250638
11.735747951074663,16.515041136575164,126.50037157725977,21.608061267447855
11.705013141635343,17.015529163152454,117.38303412912393,21.423574091888156
11.673392544911593,17.55699224339102,108.57645970824109,21.23098142706742
11.641117619686447,18.136911854872743,100.12555255128852,21.032599080828934
11.608427142157476,18.752532045693698,92.07318711450198,20.83066588794763
11.575565007941766,19.40087570212725,84.45995755871911,20.627320809808083
11.54277797785139,20.078762222839845,77.32394148986839,20.424581484492492
11.510313388576742,20.78282648887554,70.70047934019024,20.224324437342386
11.478416849778636,21.50953901013316,64.62197067794618,20.02826714374866
11.447329949253497,22.25522712134484,59.11768862827708,19.83795211575034
11.417287987797708,23.01609709367871,54.21361347592724,19.654733162188162
11.388517765157388,23.788257022078405,49.9322864023879,19.479763948890298
11.361235438010848,24.567740343357276,46.29268418641755,19.31398896090029
11.33564447029608,25.35052983592059,43.310115568574815,19.15813694334217
11.311933695371279,26.132581948820853,40.99613984819185,19.01271687141115
11.290275508489488,26.90985130568475,39.35850814587564,18.87801647344633
11.270824206888337,27.678315227893613,38.401127627033546,18.754103304352725
11.253714493453515,28.433998121266303,38.124048842857896,18.64082834006186
11.239060158421875,29.172995571381815,38.523476205575776,18.53783203752373
11.226952951961042,29.891497994583116,39.59180147535614,18.44455277916946
11.217461658711695,30.585813694611108,41.31765999797687,18.360237596132485
11.210631383522589,31.252391178709914,43.686009295954946,18.283955041013407
11.206483055663814,31.88784059189379,46.67822948221513,18.214610058855197
11.205013156788645,32.48895413384018,50.27224483526494,18.150960684484687
11.20619367584727,33.05272532953559,54.44266574907937,18.091636375675968
11.209972292055518,33.57636703230344,59.16095015018268,18.03515777489104
11.216272784908096,34.05732804613843,64.39558335951213,17.979957677817087
11.224995668117936,34.49330826330274,70.11227526818689,17.924402974694875
11.236019042280846,34.882272222846765,76.27417359497883,17.866817320638578
11.24919965902673,35.222461006034145,82.84209189963157,17.805504283882257
11.264374187444126,35.5124023955103,89.77475094079512,17.738770716221858
11.281360671672122,35.75091923638267,97.0290318906864,17.66495008790152
11.299960166760078,35.93713594910226,104.56023985113814,17.582425529834737
11.319958538217984,36.070483156073166,112.32237605778793,17.489652329348736
11.341128409133987,36.150700396189094,120.26841711118003,17.3851796315581
11.363231237335382,36.177836913920515,128.35059953568873,17.26767110694972
11.38601950382782,36.152250522070375,136.52070793971453,17.13592435670909
11.409238992676595,36.07460454979943,144.73036503359887,16.98888884062537
11.432631141603578,35.94586289990658,152.93132175531355,16.825682127943676
11.455935441871892,35.76728325155793,161.07574575814525,16.645604289130517
11.4788918655249,35.540408456605185,169.11650652930808,16.448150266001576
11.501243297740688,35.267056189243796,177.00745543353574,16.233020078834436
11.522737951961854,34.94930691995409,184.70369901105843,16.000126751735287
11.543131745563493,34.58949029537342,192.1618639047193,15.749601861420071
11.562190614129532,34.190170015890445,199.34035184601757,15.481798639463067
11.579692742916393,33.75412731227093,206.19958319423702,15.197292583708403
11.595430694788757,33.28434313145182,212.70222759609976,14.896879560670865
11.609213414808924,32.78397914972161,218.8134204151222,14.581571407107436
11.620868092740835,32.25635773878723,224.5009636695039,14.252589065252117
11.63024186598262,31.704941016662712,229.73551031442088,13.911353312206375
11.637203346856205,31.13330912086213,234.49073080836627,13.559473169401885
11.641643959746524,30.545137846003477,238.7434610130945,13.19873210264198
11.64347907528176,29.944175791603012,242.47383059203526,12.8310721467329
11.642648930564818,29.33422116853512,245.66537119210082,12.458576110896129
11.639119326388046,28.719098414340998,248.30510381781315,12.083448041780304
11.632882094370977,28.102634768275394,250.3836049339195,11.707992139756891
11.623955329035939,27.488636956684342,251.8950509623242,11.334590341090346
11.612383381960388,26.88086813801419,252.83724097047366,10.96567879335019
11.598236617297996,26.28302525447026,253.2115974804817,10.603723463922243
11.581610930123441,25.698716934094257,253.02314546047424,10.251195131552556
11.562627031208937,25.131442082833228,252.28046969106148,9.91054401840903
11.541429503963874,24.584569301064285,250.9956508297225,9.584174325097363
11.51818564134345,24.061317253050525,249.1841806234288,9.274418933356426
11.493084072538576,23.56473611098133,246.8648568442746,8.983514540763775
11.466333191179768,23.097690187639635,244.05965864347087,8.713577488693318
11.438159398604144,22.66284186339557,240.79360313509696,8.466580539018567
11.408805177430715,22.26263690420523,237.09458413177228,8.24433084668939
11.378527012249346,21.899291257661986,232.9931940592832,8.048449364413267
11.347593175638664,21.57477940396908,228.52253017553295,7.8803519023408
11.316281398974832,21.290824328046952,223.7179863104285,7.741232050023029
11.284876448565358,21.048889167932742,218.61703142690902,7.6320461501208605
11.253667628529577,20.85017058324532,213.25897637881818,7.553500493582473
11.222946232542412,20.69559387585657,207.6847303082433,7.506040884451134
11.193002967053879,20.585809883108418,201.93654818296028,7.489844699339258
11.16412536888873,20.52119365202475,196.05777102336333,7.504815542126851
11.136595240216229,20.501844891068465,190.092560407493,7.550580568859945
11.110686123758141,20.52759018416916,184.08562887226955,7.626490531385511
11.086660840774636,20.597986940073188,178.08196784866053,7.731622561227961
11.06476911383601,20.712329038627555,172.1265747781628,7.8647856878551226
11.045245295657349,20.86965412447547,166.26418105763264,8.024529058071138
11.028306224350324,21.068752487892304,160.53898244920364,8.209152796082458
11.014149224339295,21.308177462196554,154.9943735718414,8.416721417082192
11.002950270907927,21.586257257399012,149.67268806121896,8.64507968125487
10.99486233489898,21.901108140571957,144.61494594518336,8.891870750177063
10.990013922497088,22.250648864886546,139.86060973348003,9.154556483931744
10.988507823296311,22.632616241439298,135.4473506628465,9.430439695100896
10.990420078006794,23.044581740916673,131.41082647253722,9.716688155379984
10.995799175204885,23.48396900587709,127.78447201114899,10.010360132071783
11.004665484495693,23.948072149002464,124.59930389382943,10.308431215359928
11.017010931355346,24.43407470811969,121.88374034002679,10.60782218319643
11.032798916770655,24.93906912514538,119.66343722648135,10.905427639014574
11.051964482616258,25.46007661338669,117.96114128876033,11.198145148414019
11.074414721523203,25.994067275851197,116.7965612979031,11.482904594562994
11.100029427818146,26.537980336389527,116.18625792739465,11.756697468386665
11.128661983968527,27.088744345618338,116.14355291034185,12.016605808712871
11.160140474875735,27.643297224642282,116.67845796817375,12.259830509435885
11.194269020334207,28.198606011602635,117.79762387108809,12.483718715433108
11.230829314038003,28.75168617900952,119.50430986762404,12.685790036383217
11.2695823556851,29.299620393639803,121.79837359684723,12.863761317729747
11.310270361020027,29.839576595475016,124.67628147250777,13.015569720713755
11.352618833082927,30.368825277676812,128.1311394048595,13.139393878551553
11.396338776511891,30.8847558559101,132.1527436034266,13.233672913313974
11.441129035488094,31.38489202238062,136.72765108354528,13.297123117708871
11.48667873483145,31.86690598769988,141.83926938178269,13.328752127593594
11.532669802857631,32.328631522073664,147.4679648709813,13.327870434441335
11.578779553903388,32.76807571626607,153.591188955441,13.294100111933778
11.624683307922652,33.18342939225774,160.1836213212336,13.227380657109919
11.670057024254975,33.5730761034257,167.2173293165134,13.127971873819506
11.714579926573249,33.935599674351685,174.66194244249587,12.99645375434066
11.757937096130084,34.26979024094416,182.4848408481083,12.833723343659281
11.799822010740215,34.5746487623609,190.65135664064886,12.640988599790346
11.839939007457193,34.849389987166965,199.12498675162476,12.41975929237308
11.878005647621128,35.09344386718136,207.86761603165291,12.171835010308868
11.91375496386386,35.30645542347601,216.8397491913136,11.899290377158307
11.946937569750151,35.4882830799164,226.0007501564137,11.604457600097843
11.977323613998175,35.63899549039756,235.30908736656394,11.289906504193087
12.00470456264815,35.75886689645682,244.72258351544505,10.958422228321435
12.028894794121047,35.84837106216406,254.19866820985982,10.612980782029453
12.049732993815827,35.90817384302745,263.6946320126628,10.256722683717118
12.067083336717548,35.93912445504246,273.16788033203034,9.89292491958941
12.080836448413452,35.94224551888963,282.5761856262161,9.524971479623623
12.090910136922012,35.91872196258738,291.8779364088864,9.156322741194245
12.097249889812748,35.86988887357909,301.03238156520706,8.79048398284042
12.099829133212946,35.797218398222526,309.99986852285406,8.430973319826577
12.09864925144261,35.70230579290758,318.7420738648479,8.08128935954947
12.093739368170679,35.58685473651503,327.2222250222229,7.744878878410887
12.085155892124742,35.452662018607015,335.4053117437469,7.425104822471495
12.072981832493324,35.30160172157823,343.2582861067607,7.125214932010211
12.057325891215275,35.135609017970644,350.7502499073389,6.848311285057854
12.038321341336129,34.95666370624746,357.8526283488331,6.597321047091095
12.016124702508467,34.766773609518694,364.53932903500794,6.37496870344108
11.990914226505222,34.56795796200694,370.7868853667851,6.1837500376821835
11.962888207285072,34.362230907438665,376.57458353956315,6.025908103450322
11.932263131682758,34.15158523204953,381.8845724404951,5.903411418940288
11.89927168818024,33.937976452513986,386.7019558514059,5.817934592923322
11.864160652434924,33.723307375872736,391.01486647249845,5.77084156870004
11.827188669287484,33.50941324445733,394.8145213940053,5.763171648174618
11.788623951835202,33.29804757393421,398.0952587567528,5.795628432432655
11.748741918829161,33.09086878694577,400.8545554575597,5.8685717880742025
11.707822792129528,32.88942773845716,403.0930258707582,5.982012920353182
11.666149176228435,32.69515622186997,404.81440167221433,6.135612605174079
11.624003641922238,32.509356537293506,406.0254929663306,6.3286826024736635
11.581666336084073,32.333192195122265,406.7361310289474,6.560190243751326
11.539412639155229,32.167679819320725,406.95909308915077,6.828766156791803
11.497510891442857,32.01368230562245,406.7100096800676,7.132715061231986
11.456220208587894,31.871903280280794,406.0072551921564,7.470029539841373
11.41578840565702,31.742882895130105,404.87182236165864,7.838406662488823
11.37645004822524,31.626994984602664,403.32718152119264,8.235267313022687
11.33842464756133,31.524445600070184,401.3991255283696,8.657778043955147
11.301915015618839,31.435272926513637,399.11560137127907,9.10287526015441
11.267105793983838,31.359348576147916,396.506529526273,9.567291510940045
11.234162169251839,31.296380243311038,393.6036122131792,10.047583650252003
11.203228785515796,31.2459156947472,390.4401317555565,10.540162607115217
11.174428862761708,31.20734805944272,387.05074030846686,11.04132449361132
11.147863528005868,31.179922372483848,383.4712422632263,11.54728276514426
11.12361136398603,31.162743318066266,379.7383706773977,12.054201138060707
11.101728178157224,31.154784107865837,375.88955910876007,12.558226962756155
11.082246992660146,31.154896422541544,371.9627102539269,13.0555247463237
11.065178253845911,31.161821336244422,367.99596280564117,13.542309517626059
11.050510257874521,31.174201136711392,364.0274579474448,14.014879729398855
11.038209786874955,31.19059194687688,360.09510690047364,14.469649396609034
11.028222948181128,31.20947704798972,356.2363609245688,14.903179177746967
11.02047620725863,31.22928079902005,352.4879851548913,15.312206115954243
11.014877603129205,31.248383042716586,348.88583762587,15.693671769777394
11.011318133400804,31.265133885061523,345.4646547969068,16.04474847876929
11.009673294435917,31.277868732094227,342.25784484897656,16.362863526978835
11.00980476075454,31.284923466156922,339.2972899684903,16.645720987409614
11.01156218648387,31.284649642565306,336.6131587748065,16.891321052587152
11.014785110546491,31.275429587538078,334.2337299810551,17.097976680246553
11.019304946332525,31.255691278928317,332.18522830484926,17.264327408598472
11.024947035838032,31.223922892882385,330.49167356653203,17.389350222413995
11.03153274767866,31.178686901998965,329.17474382828436,17.472367379020806
11.038881598009247,31.11863361385334,328.2536533383122,17.513051131963937
11.046813373200637,31.042514042864894,327.74504595094993,17.511425319270113
11.055150233145488,30.949192013392956,327.66290459645694,17.467863812691817
11.0637187742853,30.837655397609854,328.0184772741913,17.383085853706813
11.072352031869213,30.707026398080377,328.8202199402907,17.258148331132013
11.08089140156698,30.556570792028793,330.0737565566639,17.094435083698887
11.089188461358612,30.385706061946173,331.7818564625815,16.893643338555222
11.097106675603625,30.19400834542918,333.94442912417963,16.65776742314579
11.104522964344525,29.981218145884636,336.5585362113211,16.389079913025363
11.11132912221143,29.747244754922097,339.6184208462214,16.090110401637478
11.117433072755125,29.4921693468218,343.1155537645883,15.76362209972411
11.122759945630841,29.216246715339068,347.0386960284844,15.412586491616302
11.127252965769596,28.91990563321804,351.37397783119644,15.040156293003484
11.130874145492179,28.603747825064275,356.104992838775,14.649636969734846
11.133604772425599,28.268545554593448,361.2129074210746,14.24445708962378
11.135445688055459,27.915237837656893,366.6765840377122,13.82813778900008
11.136417353771655,27.54492530276981,372.4727179618037,13.404261642789454
11.136559703320135,27.158863731059302,378.57598644717285,12.976441231141052
11.135931782641096,26.75845631753363,384.9592093733616,12.548287697034663
11.134611180134412,26.34524470527795,391.5935203376626,12.123379587872531
11.132693252427094,25.920898853536617,398.44854710485066,11.705232269823846
11.130290152706207,25.48720580957734,405.49260027370593,11.29726819668397
11.127529670604988,25.046057462684722,412.69286897501314,10.902788305319184
11.124553894472337,24.599437366537614,420.0156223787913,10.524944797486304
11.121517708598518,24.14940672352711,427.42641575919106,10.166715553078475
11.118587139596956,23.698089631218366,434.8902998439863,9.83088040279716
11.115937567637744,23.247657697096784,442.37203216192063,9.519999469067596
11.113751819578914,22.80031413292783,449.8362890954643,9.23639376288499
11.112218162233916,22.35827744445571,457.2478773487165,8.982128201422036
11.111528215036707,21.9237648357398,464.5719435502709,8.758997186867335
11.111874802209568,21.498975450148933,471.7741807286769,8.568512861345093
11.113449765195265,21.086073571882018,478.82103042360626,8.411896126142734
11.116441756577881,20.68717191284147,485.6798792287082,8.290070486108872
11.121034036981225,20.304315109747332,492.31924860223063,8.203658752249044
11.127402296496966,19.93946355553845,498.70897682847016,8.152982607516806
11.13571252205629,19.59447768736785,504.8203920666968,8.138065012848834
11.14611893181915,19.271102850872555,510.6264754840261,8.1586354028963
11.158761997117473,18.97095485689836,516.1020135343418,8.214137593937231
11.173766571757465,18.695506342509795,521.2237385164365,8.30374030037141
11.191240147567596,18.446074042945504,525.970456620507,8.426350131263366
11.211271253981728,18.223807075219582,530.3231627526,8.580626914845022
11.233928018180325,18.029676327363667,534.2651415109458,8.7650011769512
11.259256900888742,17.864465039895542,537.7820537759073,8.977693579246363
11.287281621362755,17.728760658039718,540.8620084658494,9.216736105006756
11.318002283392183,17.622948024567336,543.4956191041309,9.479994764315899
11.35139471233899,17.54720397392666,545.6760449369657,9.765193576970747
11.387410011313364,17.501493378665963,547.3990164375681,10.069939580301295
11.42597434259708,17.48556668907238,548.6628451281567,10.391748600585709
11.466988938366704,17.498958996533826,549.4684177474751,10.728071520869385
11.51033034266805,17.540990640450772,549.8191748868904,11.076320774822664
11.555850884467688,17.610769367650892,549.7210743122631,11.43389679581911
11.603379379476266,17.707194042272146,549.182539281104,11.79821415268378
11.652722056321684,17.8289598930537,548.2143922544444,12.166727108514053
11.703663700567256,17.974565273986677,546.8297744898472,12.536954346561824
11.755969008040092,18.142319903406328,545.044052085517,12.906502617296589
11.809384136976629,18.330354535929395,542.8747091250806,13.273089073340559
11.863638446623828,18.536632011231905,540.3412286477708,13.634562073841966
11.918446408173182,18.758959613596883,537.4649622391032,13.98892025688021
11.973509672266632,18.99500266650929,534.2689891021853,14.334329697495338
12.028519275814224,19.242299277407547,530.7779655292493,14.669138989712714
12.08315796951655,19.498276139082694,527.0179657464614,14.991892113274417
12.137102646303372,19.76026528620757,523.0163151522756,15.30133896946629
12.190026849894593,20.025521698141837,518.801417010273,15.596443495199217
12.241603341870139,20.29124163254286,514.402573691379,15.876389290115108
12.291506705009308,20.554581568470315,509.8498035873774,16.140582717680424
12.339415960233788,20.812677632644505,505.1736548376472,16.388653467737132
12.385017174265975,21.06266537834417,500.40501702390054,16.62045259453581
12.428006035097908,21.301699783140705,495.5749319934189,16.836048070606864
12.468090372556455,21.52697532928847,490.71440496981427,17.035717922669797
12.504992601646185,21.735746029144103,485.85421710178554,17.219941040875568
12.538452066948924,21.92534525748743,481.0247405847328,17.389385776768734
12.568227267153857,22.093205253065317,476.2557574676283,17.544896468204882
12.59409793977662,22.236876153082882,471.57628322834046,17.687478050831157
12.615866987291964,22.35404442671386,467.01439616494747,17.81827893542103
12.63336222724184,22.44255057698237,462.59707360863604,17.93857234815112
12.646437950377043,22.500405984563404,458.3500359159463,18.049736346637296
12.654976272532974,22.525808772130738,454.2975991446342,18.153232738053656
12.658888267713525,22.51715857382045,450.462537258716,18.250585136806837
12.658114871746067,22.47307010113502,446.8659546446576,18.34335640791416
12.652627547857735,22.39238540414475,443.52716965266757,18.433125748356723
12.642428707591254,22.2741847351012,440.4636098050234,18.521465662181654
12.627551882608373,22.117795930507754,437.69071923783014,18.60991908598112
12.608061645101829,21.92280223723393,435.22187886401764,18.69997691956869
12.58405327673286,21.68904851835358,433.0683396642735,18.793056212229253
12.555652188210926,21.41664578496175,431.2391694294805,18.890479247876883
12.523013093815722,21.105974011212105,429.7412131935764,18.993453762896547
12.486318947308838,20.757683201141685,428.5790675101864,19.10305451845712
12.44577964777466,20.37269268743812,427.75506864034105,19.220206434796886
12.401630525947937,19.95218865407517,427.2692946327085,19.345669478535566
12.354130623510947,19.49761988661833,427.11958119246566,19.480025475631734
12.303560779658966,19.01069176590296,427.30155115086114,19.623667002362584
12.250221540922462,18.493358532629372,427.80865726507176,19.776788484866053
12.194430911782568,17.947813862124796,428.63223799772237,19.939379614567404
12.136521965009496,17.37647980001062,429.7615858478305,20.1112211624557
12.076840331878564,16.781994120704482,431.1840277304981,20.291883249921582
12.015741593464682,16.16719618150521,432.88501683176753,20.48072610797646
11.953588595074091,15.535111355381062,434.8482352981738,20.676903330404965
11.890748706533966,14.888934135433688,437.0557070579808,20.87936760002536
11.827591051520418,14.232010013275264,439.4879200133274,21.08687884101368
11.764483729359382,13.567816242171963,442.12395678978856,21.29801472445436
11.701791052780463,12.899941603708024,444.94163318251304,21.51118342917499
11.639870824940864,12.232065303861772,447.91764339637757,21.724638535761166
11.579071678666555,11.567935130703525,451.02771114173794,21.936495908678445
11.51973050028414,10.911345011383169,454.24674561752704,22.14475239988281
11.462169959644994,10.266112110630496,457.5490013898079,22.34730618740604
11.406696166979902,9.636053616615747,460.90824115654624,22.541978544355686
11.35359647607674,9.024963362677891,464.2979003783873,22.7265368177651
11.303137451956044,8.436588435111608,467.6912527506263,22.898718382925907
11.255563019741357,7.874605917888363,471.0615754933657,23.056255327384886
11.211092809797071,7.342599924873674,474.3823134449592,23.196899609805307
11.169920712450207,6.844039068785676,477.62724095821727,23.318448432478174
11.13221365374064,6.3822545138280615,480.7706206193072,23.418769562493754
11.09811060167337,5.960418755637126,483.7873578357122,23.495826335489483
11.067721810394753,5.581525267926935,486.6531503717532,23.547702077498627
11.04112830760035,5.248369150026133,489.3446319478506,23.57262368472254
11.018381628324814,4.963528903405515,491.8395090625988,23.568984108005584
10.999503796083246,4.729349458339205,494.1166902445496,23.535363498338388
10.984487550148502,4.547926564066065,496.15640699304396,23.47054878177014
10.973296815580005,4.421092647273872,497.9403257240994,23.37355144655236
10.965867410485874,4.350404234472166,499.4516500979175,23.243623342035505
10.962107982921362,4.33713102391142,500.67521316857943,23.08027030762836
10.961901167821003,4.382246682210278,501.5975588635409,22.883263470831196
10.965104952447883,4.486421429839779,502.20701237019165,22.652648075763835
10.971554237038047,4.650016468155041,502.4937390785429,22.3887497275124
10.981062575637523,4.873080288837506,502.4497918025877,22.092177962776315
10.993424080588841,5.155346894491802,502.0691460775848,21.763827083468705
11.00841547273688,5.496235946812533,501.3477234059419,21.404874216845627
11.025798258202869,5.894854846278294,500.2834024001033,21.01677459315093
11.04532101153103,6.350002734826058,498.8760178463138,20.601254059392357
11.066721744154007,6.860176400492851,497.12734778795976,20.16029887543574
11.089730336458267,7.42357805066578,495.0410888008339,19.696142865846063
11.11407101126467,8.038124908437155,492.6228197047459,19.211252027545246
11.139464826276548,8.701460574702546,489.8799540259199,18.708306719129652
11.16563216298951,9.410968087142408,486.8216815921637,18.190181582340514
11.192295189704273,10.16378459617036,483.45889970749505,17.659923369458763
11.21918027663412,10.956817567387892,479.8041344143158,17.12072687206721
11.246020341648682,11.786762410125881,475.8714524090437,16.575909166472425
11.272557105939969,12.650121422343483,471.67636423093785,16.02888240889951
11.298543239827925,13.543223933559734,467.2357193934416,15.483125429188622
11.323744380032316,14.462247519667676,462.5675941723699,14.942154384967175
11.34794100101475,15.403240156477713,457.69117280550506,14.409492749013669
11.370930124427236,16.36214317270429,452.626622893339,13.888640910648814
11.392526852278387,17.334814857888706,447.3949658207066,13.383045677406425
11.412565711130197,18.31705457647312,442.01794304365933,12.896069965880809
11.430901796451732,19.304627235940714,436.5178791051013,12.430962970493617
11.447411708163703,20.293287954631424,430.917542256275,11.990831095955478
11.461994270392447,21.278806773548407,425.2400035691892,11.57860993344538
11.474571030494362,22.256993256200182,419.50849542742935,11.197037552033233
11.485086534493888,23.223720821271314,413.74627027959167,10.8486293657113
11.493508378179934,24.17495065468322,407.976460530807,10.535654822672036
11.499827035208048,25.106755050379835,402.2219404336543,10.26011614730542
11.504055465639087,26.015340032931878,396.50519082025176,10.023729346934639
11.506228510390363,26.897067119776146,390.8481674926965,9.827907674740613
11.506402079063356,27.748474086558534,385.2721740594141,9.673747717835488
11.504652140524998,28.566294605591818,379.79773997067963,9.56201825524793
11.5010735274391,29.34747663483372,374.4445044677647,9.493152004907639
11.495778567654707,30.089199442980664,369.23110711718437,9.467240351808048
11.488895556942625,30.788889165208317,364.17508555461677,9.48403112164427
11.480567089016139,31.44423279370909,359.2927810126217,9.542929435632177
11.470948260063292,32.053190517416596,354.59925215259517,9.643001653191773
11.460204766144729,32.61400633609589,350.10819766486196,9.7829823800022
11.44851091276244,33.125216885249344,345.8318880417758,9.96128448988749
11.436047556672245,33.585658419960076,341.78110686760044,10.17601208035419
11.423000000589738,33.994471917794016,337.9651019061455,10.424976253649374
11.409555861820515,34.351106273126476,334.3915462030677,10.705713588212776
11.395902936027236,34.6553195676674,331.0665093548292,11.015507139621317
11.38222707732757,34.907178414449355,327.99443903094084,11.35140978581939
11.368710115698123,35.107055385030336,325.1781527707631,11.710269708828402
11.355527832242611,35.25562454206604,322.6188400111301,12.088757784460396
11.342848012272064,35.353855111641565,320.31607423692265,12.483396633017012
11.33082859534626,35.40300334173974,318.26783508374143,12.890591067727033
11.319615940446743,35.4046026048809,316.470540160493,13.30665966391666
11.309343223302115,35.36045181422251,314.9190863003074,13.727867160755912
11.300128981576329,35.272602233180336,313.6068998912011,14.150457398991662
11.292075822173242,35.14334276885532,312.5259958835473,14.570686492448793
11.2852693033191,34.97518384915514,311.6670450201096,14.984855928310893
11.279777002374196,34.77083999242259,311.0194487863767,15.389345291316271
11.275647778511535,34.53321118656789,310.5714215345577,15.78064431001909
11.27291123750113,34.26536320209248,310.3100791940469,16.15538392915015
11.27157740387131,33.970506969944495,310.22153394472303,16.510366120809763
11.271636603701632,33.6519771608132,310.2909941972691,16.842592158657524
11.273059559254563,33.3132101072208,310.5028691970045,17.149289093322494
11.275797694594281,32.95772121357038,310.8408775446214,17.42793418381197
11.279783649289925,32.58908200213872,311.28815890880736,17.676277058588248
11.28493199527681,32.21089694484306,311.8273881921686,17.892359401034398
11.291140149971435,31.826780231452272,312.440891403086,18.07453197703927
11.298289476822912,31.440332624752713,313.11076248227215,18.221468847182294
11.306246562653167,31.05511855201957,313.8189803337246,18.33217863225146
11.314864659407435,30.67464357999572,314.54752531554516,18.40601272833559
11.323985276322217,30.30233241746093,315.2784944565668,18.442670396229325
11.333439907034453,29.941507585405176,315.9942146798251,18.4422006791057
11.343051874817753,29.595368889832947,316.6773533335058,18.40500113206687
11.352638277951382,29.266973826354985,317.311025353893,18.331813376994837
11.362012016216628,28.959219039012524,317.8788964128901,18.223715525806337
11.370983878682857,28.67482294827522,318.36528143463437,18.08211154448495
11.379364672299719,28.416309654906613,318.7552379013581,17.908717658840526
11.386967370359079,28.185994217463218,319.0346534077085,17.705545930555637
11.39360925963454,27.985969391641667,319.19032696491286,17.47488515846057
11.399114064950624,27.81809390958437,319.21004360121407,17.219279284877043
11.403314030078429,27.68398236666138,319.08264185254063,16.941503510052375
11.406051934198903,27.584996772245262,318.79807378711956,16.644538338945043
11.407183023715591,27.522239809654586,318.3474572593354,16.331541803723002
11.40657683993129,27.496549838844214,317.7231201412289,16.005820122110222
11.404118924020693,27.50849766364123,316.9186363342744,15.670797066011906
11.39971238182556,27.558385073448438,315.92885341908794,15.329982326523426
11.393279292260432,27.646245157441545,314.74991185616534,14.98693917037971
11.384761944533642,27.77184437745112,313.3792557062292,14.645251689040592
11.37412389094764,27.934686374030264,311.815634893957,14.308491944883142
11.361350803730122,28.13401746873766,310.0590990933644,13.980187319351273
11.346451126147368,28.36883381449522,308.1109833666274,13.663788365398965
11.32945651004762,28.637890135080053,305.9738857402522,13.362637461182285
11.310422033957021,28.93970998445971,303.65163695297286,13.07993855376204
11.28942619788619,29.272597446841957,301.14926265818366,12.818728270655466
11.266570693082471,29.634650189052923,298.472938409881,12.581848663532003
11.241979947062632,30.02377376824278,295.62993780463876,12.371921832316502
11.215800446363431,30.43769709000007,292.62857419284813,12.191326659602126
11.188199841534058,30.873988904788703,289.4781364100938,12.042177864763843
11.159365840945018,31.330075224249754,286.1888190138145,11.92630756470337
11.129504901984275,31.80325753337665,282.7716475412272,11.845249503965874
11.098840730134237,32.29073166990944,279.2383993315774,11.800226091282918
11.067612598254858,32.7896072385332,275.60152047909617,11.792138352666697
11.036073500121832,33.29692742462756,271.87403950235273,11.821558883265947
11.00448815386793,33.8096890704168,268.0694783310153,11.888727851567854
10.97313087243567,34.32486287542127,264.2017612221934,11.993552080467463
10.942283319456642,34.83941358311533,260.28512222560056,12.135607200507884
10.912232170114445,35.3503200166501,256.33401181963694,12.314142841504873
10.883266697514081,35.85459482839168,252.36300333925604,12.528090800085195
10.85567630586111,36.34930383084072,248.38669981110758,12.776076092668031
10.82974803234141,36.83158478021388,244.41964180209203,13.056430776370485
10.80576403998168,37.29866548855358,240.4762168741437,13.367210394480988
10.783999123957344,37.74788114565402,236.57057122095864,13.706212878764704
10.764718253796728,38.17669073830877,232.7165240416233,14.070999718176274
10.748174173707497,38.58269246135171,228.92748518183856,14.458919182771304
10.734605082825784,38.96363802262743,225.21637654590054,14.867131372927588
10.724232416562845,39.31744575233537,221.59555775196142,15.292634847582706
10.717258749404623,39.64221243608104,218.0767564696244,15.73229457122334
10.713865838512802,39.93622380037641,214.67100384284183,16.182870907948594
10.714212826291192,40.197963589190195,211.3885753626727,16.64104938218351
10.71843461872849,40.42612118038997,208.23893751397955,17.10347091961196
10.726640454820332,40.61959770146495,205.23070047789636,17.566762278686735
10.738912680723105,40.77751061469977,202.37157712818822,18.027566382678142
10.755305740513984,40.899196752907436,199.66834851473547,18.482572264640037
10.775845393542655,40.98421379784787,197.1268359816487,18.928544342869436
10.800528166376271,41.03234020447831,194.75188002124943,19.362350752356786
10.829321045279245,41.04357358512679,192.54732591865687,19.780990468281182
10.862161413051155,41.01812757847531,190.51601619533727,20.18161897069045
10.898957231889321,40.95642723880471,188.65978981397174,20.561572214980373
10.939587471766384,40.85910299122229,186.97948806174335,20.91838869049697
10.983902781637473,40.72698320848719,185.47496698487086,21.249829369347005
11.031726398636094,40.5610854745063,184.1451162042864,21.55389536911632
11.082855288301868,40.36260660852323,182.9878839009676,21.8288431764465
11.137061506826509,40.1329115324081,182.00030771995665,22.073197303072504
11.194093774324909,39.87352107121688,181.1785513046541,22.28576027173336
11.253679246254517,39.586098784273545,180.51794613795585,22.465619856075445
11.315525468335212,39.27243693038793,180.0130383342649,22.612153526008946
11.379322498679498,38.93444167641536,179.65763999668812,22.725030077681502
11.444745179344617,38.574117663152975,179.44488472692336,22.804208455023975
11.511455538176953,38.19355204652009,179.3672868516232,22.849933797427887
11.579105300648006,37.79489813506126,179.41680390856993,22.862730775260015
11.647338490390124,37.38035874702287,179.58490191884428,22.843394301340467
11.71579409633862,36.95216941156971,179.86262295749827,22.79297773194584
11.784108783782296,36.512581539126856,180.2406545250225,22.712778695102667
11.851919626221822,36.063845685346315,180.70940021526292,22.604322706666913
11.91886683473911,35.60819503182141,181.25905117231292,22.469344755729182
11.984596461592352,35.14782920440914,181.87965782937073,22.309769060030455
12.0487630549708,34.68489854689722,182.56120142647922,22.127687209142263
12.11103224226866,34.221488963787685,183.29366481149407,21.92533492798742
12.171083219865087,33.7596074411969,184.06710203938928,21.70506770571899
12.228611128221223,33.30116834932647,184.87170629906805,21.46933554491215
12.283329292118385,32.847980623683355,185.69787571404814,21.22065709336917
12.334971307054637,32.401735915268745,186.53627658357746,20.961593425521055
12.383292954179378,31.963997792361255,187.37790365378288,20.694721742396148
12.428073927664766,31.536192068353024,188.21413703412657,20.422609258398342
12.469119360075283,31.119598321410074,189.03679540258895,20.147787539713743
12.506261133087325,30.715342662591215,189.83818517335905,19.872727553084328
12.539358962813361,30.324391799533906,190.61114533318727,19.599815675017183
12.568301250982426,29.94754843297448,191.34908768668717,19.331330900334464
12.59300569530286,29.585448013281546,192.04603228651203,19.069423475427264
12.613419654465265,29.23855687392281,192.69663786121552,18.816095165800434
12.629520265414179,28.9071717484261,193.29622709146483,18.57318134964575
12.641314312706992,28.591420667015242,193.84080662383758,18.34233510944651
12.648837851967379,28.291265218770455,194.32708175042058,18.125013472195512
12.652155591609304,28.00650415496048,194.75246572155498,17.92246592592406
12.651360039136001,27.736778299188934,195.11508369808635,17.735725316121673
12.646570420387475,27.481576720265572,195.4137713880562,17.565601200526014
12.637931382101403,27.240244114322316,195.64806845071263,17.41267571492927
12.625611490047554,27.011989333712815,195.81820678767355,17.27730197634798
12.609801536778262,26.795894991726826,195.92509387688781,17.15960502340245
12.590712674690865,26.590928064177156,195.97029133935638,17.059485267318703
12.56857439160767,26.395951401536966,195.95598896127467,16.976624400867863
12.5436323474311,26.209736058569554,195.8849744250053,16.910493687058143
12.516146091614564,26.030974342348916,195.7605990309942,16.860364524752306
12.486386682192448,25.85829347426527,195.58673971909963,16.82532116484558
12.454634227926395,25.69026975707689,195.36775772175523,16.80427542844452
12.421175375743157,25.525443134346798,195.1084542026726,16.79598325785863
12.386300766055733,25.36233202671101,194.81402325335102,16.79906291236399
12.350302478771077,25.199448327390105,194.49000263536152,16.81201460380747
12.313471492792706,25.035312438189017,194.14222266908249,16.833241352366464
12.276095181625015,24.868468226939395,193.77675367928754,16.861070830306186
12.238454867280623,24.697497787930043,193.39985241458345,16.89377795151431
12.200823454085855,24.521035888335195,193.01790786122828,16.92960795703787
12.163463163179063,24.337783985981382,192.63738687223525,16.96679974187925
12.126623387509044,24.14652370697017,192.2647800299915,17.00360916597536
12.090538685975428,23.946129675678296,191.9065481548392,17.0383320926088
12.055426934021032,23.735581594456864,191.56906986333442,17.06932690048142
12.02148764649963,23.513975475911643,191.25859056820534,17.095036221285056
11.988900487015389,23.28053393693277,190.9811732975634,17.114007662778484
11.95782397617751,23.034615470601974,190.7426516937345,17.124913288038293
11.92839440935147,22.77572261969574,190.54858553233964,17.126567634589197
11.900724992533835,22.50350898366301,190.40421908015117,17.11794407240212
11.874905202949027,22.217784999633224,190.31444258587985,17.098189317124728
11.851000378882333,21.91852244713719,190.283757171698,17.0666359342007
11.829051541142853,21.605857635738595,190.3162433650853,17.0228126905493
11.80907544641271,21.280093244604632,190.4155334807863,16.966452632999648
11.79106487060411,20.941698793124562,190.58478803146446,16.89749879648066
11.77498911823337,20.591309731938132,190.82667631329952,16.816107469814668
11.760794751750243,20.229725154090286,191.14336127952134,16.722648972599792
11.74840653275059,19.857904136408767,191.53648878097096,16.61770592283411
11.737728565069078,19.476960731532735,192.00718121846245,16.50206900136738
11.728645627913906,19.088157641227475,192.5560356172638,16.376730245696802
11.721024685483957,18.692898611630323,193.18312609964855,16.242873931782114
11.714716557916374,18.292719600812124,193.88801069747967,16.10186512817855
11.709557736963264,17.889278778436545,194.66974241337678,15.955236031610061
11.705372328503888,17.484345426288375,195.52688440649524,15.804670216880389
11.701974102874177,17.07978781695509,196.457529147465,15.651984956498278
11.699168633049533,16.677560155921626,197.45932135692593,15.499111786350849
11.69675549995775,16.279688679717562,198.52948451346734,15.348075512975097
11.694530543633327,15.888257009485024,199.6648506899457,15.200971875256977
11.69228813855737,15.505390865363095,200.86189345220865,15.05994408855097
11.689823471362045,15.133242252367166,202.11676353146785,14.927158512099655
11.686934799116079,14.77397323293846,203.4253269610165,14.804779691111857
11.683425666647626,14.429739405015663,204.78320534990382,14.694945032811823
11.679107061800764,14.102673207309508,206.18581795061644,14.599739381119884
11.673799488157007,13.794867175418368,207.62842516494078,14.521169757299585
11.667334935578069,13.508357273493795,209.10617312205756,14.461140533881188
11.65955872993234,13.245106426337138,210.61413895559232,14.421429306431074
11.650331244546015,13.006988376079526,212.1473764019463,14.403663722308185
11.639529457258964,12.79577198597092,213.70096134066281,14.409299517471755
11.627048338453243,12.613106111285417,215.27003689899968,14.439600001759992
11.612802057044187,12.460505153958652,216.8498577471094,14.495617219938392
11.596724993165346,12.339335413327252,218.43583321739675,14.578175000348928
11.578772548122855,12.250802340270159,220.02356889151392,14.687854085319456
11.558921744124968,12.195938796187814,221.6089063111472,14.824979517791942
11.537171608290254,12.175594411638894,223.18796048399864,14.989610437081854
11.513543337485087,12.190426132130366,224.7571548741929,15.181532413504211
11.488080242618139,12.240890030572013,226.31325358649133,15.400252427015516
11.460847473107606,12.327234457318964,227.85339047611606,15.644996569267501
11.431931524316248,12.44949458959122,229.37509494044232,15.914710521800323
11.401439532800703,12.607488432443196,230.87631417515732,16.208062835778925
11.369498366226104,12.800814313421958,232.35543170550895,16.52345101096911
11.336253516735738,13.028849902672729,233.81128203276174,16.85901034382947
11.301867808420996,13.290752779593962,235.2431612667138,17.212625486939192
11.266519931291171,13.585462556288208,236.65083364691495,17.581944634761633
11.230402815780241,13.911704557072774,238.0345338877635,17.964396224231614
11.193721863332948,14.267995042283424,239.3949653157757,18.357208013113304
11.156693049971446,14.652647953604514,240.73329380070948,18.75742837476155
11.119540920944049,15.063783147262832,242.05113751568095,19.161949625074357
11.082496495587908,15.499336070712195,243.35055259465037,19.56753317627904
11.045795102388231,15.957068827982363,244.63401478845887,19.97083629296247
11.00967416488016,16.434582568748176,245.90439725269667,20.368440208631252
10.974370959509468,16.92933112645987,247.16494463185063,20.75687934624589
10.940120366840366,17.438635821636783,248.41924363416962,21.132671373766375
10.90715263757044,17.959701337729285,249.67119032030305,21.49234781590608
10.87569119468366,18.489632568858244,250.92495435572846,21.832484936118096
10.845950492743315,19.025452331310376,252.184940502172,22.149734598413758
10.8181339548009,19.564119823951422,253.45574764637058,22.44085481698759
10.792432006679334,20.102549716770543,254.74212568550416,22.702739702823063
10.769020227486076,20.63763174162907,256.0489306072179,22.93244852047174
10.748057634131747,21.166250654996706,257.38107811829894,23.127233575009516
10.72968511638345,21.685306439049164,258.74349618953806,23.28456665871471
10.714024037579962,22.191734605001006,260.14107689508756,23.402163799203876
10.701175014591797,22.682526460976437,261.5786279325253,23.478008065485962
10.69121688893698,23.154749206093115,263.06082421489424,23.510370205524275
10.684205899178695,23.605565712757787,264.59215992807486,23.497826908263633
10.680175062850461,24.032253860448908,266.1769014459494,23.4392765045108
10.679133774195378,24.432225286484343,267.8190414919818,23.333951944342616
10.681067621986697,24.803043422430946,269.52225492900243,23.181430913642927
10.68593842963608,25.142440688888207,271.28985654925987,22.981642978695884
10.69368451771251,25.448334726344807,273.1247612241675,22.7348736752413
10.704221186908521,25.718843545636183,275.029446757803,22.441765486763476
10.717441417420153,25.95229948818195,277.00591977011663,22.10331568576807
10.733216778672597,26.147261893616662,279.0556849151736,21.720871041124017
10.751398541343235,26.302528380593,281.1797177166527,21.29611942392719
10.77181898172656,26.417144655381957,283.37844127750043,20.83107837349747
10.794292866668838,26.490412772361932,285.651707093175,20.328080713770518
10.818619105591214,26.521897780513466,287.9987801685793,19.78975733821252
10.84458255453442,26.511432700554284,290.4183286077042,19.219017308203004
10.871955955710837,26.459121788286737,292.90841781247997,18.619025435335704
10.900501994754299,26.36534205101858,295.46650939353816,17.99317754203708
10.92997545672641,26.230742995476103,298.08946486075644,17.345073617059462
10.96012546098121,26.056244597384183,300.77355412590106,16.678489102560896
10.990697754216862,25.84303349475594,303.51446881357083,15.997344567434988
11.021437040460558,25.5925574188394,306.30734034031394,15.305674037132334
11.052089326347039,25.30651788852697,309.146762685439,14.6075922632611
11.082404259865726,24.986861205763546,312.0268197409912,13.907261226648142
11.112137440768043,24.63576780101428,314.941117092829,13.208856175172214
11.141052681045428,24.25563998909118,317.8828180500177,12.516531502479639
11.168924194308092,23.84908820651366,320.84468370607897,11.834386775604683
11.195538693510564,23.418915812016117,323.8191167832791,11.166433218526501
11.220697377277675,22.968102541744365,326.7982089803126,10.516560954802966
11.24421778607599,22.499786720034166,329.77379151472053,9.88850730567005
11.265935510642441,22.01724633537106,332.7374885243421,9.28582643044124
11.285705736412885,21.523879099136636,335.68077296729996,8.711860583777097
11.303404609176868,21.023181611988868,338.59502463759384,8.169713249533961
11.318930408807265,20.518727769159597,341.4715898935883,7.662224393587046
11.332204519659971,20.01414654152859,344.3018426795835,7.191948058417254
11.343172188093392,19.513099274016426,347.07724640650224,6.761132500541313
11.351803059503366,19.01925664659013,349.78941624653766,6.371703048259627
11.358091489288219,18.53627544597021,352.4301813885916,6.025247831916395
11.362056624232624,18.067775297944117,354.99164679645213,5.723006512158645
11.36374225290886,17.6173155110147,357.46625401009373,5.465862103794052
11.36321642582016,17.188372181934344,359.84684053215955,5.2543359640538645
11.360570848134055,16.784315712495676,362.1266973467268,5.088585984636537
11.35592004995419,16.40838888477427,364.2996241257422,4.968407997125326
11.349400341137535,16.063685638858495,366.3599816900821,4.893240371519967
11.341168559661693,15.753130692977004,368.30274130700656,4.862171757986441
11.331400624465177,15.479460140870346,370.1235304236505,4.873951892790734
11.320289905504891,15.245203155282066,371.81867445716813,4.927005361020988
11.308045425482312,15.052664919604492,373.38523428596324,5.019448181388358
11.294889909267642,14.903910902049422,374.82103911308013,5.149107052388062
11.281057698484494,14.80075257827318,376.1247144020018,5.313541074650697
11.26679254999347,14.744734699225981,377.2957046167365,5.5100657416452234
11.252345338119328,14.737124191174154,378.33429053188433,5.7357789702314665
11.237971681392704,14.778900764428476,379.24160091420686,5.987588924089122
11.223929515315488,14.870749296367814,380.0196184147808,6.26224336695546
11.21047663320122,15.013054042949914,380.6711795498878,6.556360269025481
11.1978682174838,15.205894721123215,381.1999686891424,6.866459378943249
11.186354384025416,15.449044492475114,381.6105060106295,7.188994465633538
11.176177761886885,15.741969866151434,381.90812942483905,7.520385928871438
11.16757113075081,16.083832526642322,382.0989705115726,7.857053475002529
11.160755137712055,16.47349307953325,382.1899245565312,8.195448554635192
11.155936114475745,16.909516695849593,382.1886148166206,8.532086262413424
11.153304015135788,17.39018062326181,382.10335118488615,8.86357640511387
11.15303049365454,17.913483520250306,381.94308346708243,9.18665345322335
11.155267138936505,18.477156557432394,381.71734952192446,9.498205102758511
11.16014388399636,19.078676218711095,381.4362185557568,9.795299188266945
11.16776760417705,19.71527872379101,381.1102298994398,10.075208704558095
11.178220917691014,20.383975982998063,380.7503276304281,10.335434713591136
11.191561199951948,21.081572985304184,380.36779143602234,10.57372693390301
11.20781982125228,21.8046865110657,379.97416414438953,10.788101832794345
11.227001615340004,22.54976505229685,379.58117637793384,10.976858065972369
11.249084584375998,23.31310981537486,379.2006688087117,11.138589135245024
11.274019843627817,24.09089667396534,378.84451251768536,11.272193161910671
11.301731807098154,24.879198933711262,378.52452797845103,11.376879701433426
11.332118613114678,25.674010764891918,378.25240320156905,11.452173553560263
11.365052786742861,26.47127115485926,378.03961158755845,11.497915550946628
11.400382133744376,27.26688822863358,377.89733004495974,11.51426033833111
