busv,current,power,hall_speed
11.681097524519759,26.18548670416611,340.4074253376476,16.302511033120854
11.769923758342742,26.776290193160307,348.0754062179002,16.944804875760603
11.85669935403416,27.364770186221566,355.7006055042404,17.576411916618746
11.940767938957968,27.950159407342262,363.2689233227005,18.193881404544292
12.02149612690565,28.53169675073226,370.76639697975503,18.793857186353204
12.098278886572752,29.10862879766185,378.17923460175183,19.373100130280932
12.170544662894944,29.680211316250794,385.4938483397536,19.928509744532246
12.237760206703518,30.245710740879407,392.696887055391,20.457144842292337
12.299435070752896,30.804405627944682,399.77526840469267,20.956243111154684
12.35512573313704,31.355588084738912,406.7162102384394,21.423239452494634
12.404439312420916,31.89856516829037,413.50726123938426,21.855782964820367
12.447036842437369,32.432660251074644,420.13633071868475,22.251752454506153
12.482636078606212,32.957214350581765,426.59171749609874,22.609270367492062
