busv,current,power,hall_speed
11.696681959070716,26.35271962235764,355.25607303429575,17.134452677189486
11.793495561981075,27.018543412082185,370.21372482631745,18.183533031683158
11.8884892282354,27.671828400722443,384.968260098162,19.210990274524484
11.981077725194698,28.308568032255728,399.4542036100667,20.209868883299514
12.070693949982912,28.92490209015641,413.60796858301933,21.173426967149126
12.15679318394643,29.51715082284001,427.3683000482478,22.09518654349998
12.238857165227639,30.081847461707245,440.6766993753278,22.968981764208273
12.316397946472213,30.615768842154523,453.47782656643534,23.789004717456944
12.388961506494287,31.115963854816542,465.71987709118474,24.549848451137407
12.456131086789714,31.579779473635362,477.3549302504721,25.246546885660784
12.517530226096984,32.00488412893666,488.3392662969624,25.874611309000713
12.572825468738891,32.38928821734506,498.63364980228346,26.43006317406496
12.621728725213831,32.73136156587617,508.2035770443858,26.909462948004975
12.663999266420372,33.02984769467576,517.0194854904821,27.30993479455838
12.69944533596784,33.283874751395025,525.056923768924,27.629186903723205
12.727925368222667,33.49296301984073,532.2966808545981,27.865527317712882
12.749348803038217,33.65702893605575,538.7248735341235,28.017875137955006
12.763676491486422,33.776385576098875,544.3329915663745,28.08576703458324
12.770920690324434,33.8517396112227,549.1179003077038,28.06935901713123
12.771144646359197,33.88418475761846,553.0818009266574,27.969423462667585
12.76446177528868,33.87519177912328,556.2321486869602,27.78734143510666
12.751034442971061,33.82659513199239,558.5815301270883,27.525090366587055
12.731072360374036,33.740576370752265,560.147500306863,27.18522720832749
12.704830606657573,33.6196444630031,560.9523816233163,26.770867193953002
12.67260729791771,33.466613188575415,561.023026016739,26.28565839264554
12.634740922040336,33.28457582441804,560.390542690671,25.733752262336413
12.591607362857804,33.076877340774416,559.08999375403,25.119770444258844
12.543616639344158,32.84708435637375,557.1600604572111,24.448768069269043
12.491209387905837,32.598953120326854,554.6426829345919,23.72619387319122
12.434853117903812,32.336395805994705,551.5826765814196,22.957847442833483
12.37503827236338,32.06344541713485,548.0273283817148,22.149833936064322
12.312274127373694,31.78421961899318,544.0259766640241,21.308516638264088
12.24708456493791,31.50288381658457,539.6295778922544,20.440467733425017
12.18000375499613,31.223613809112422,534.8902641983166,19.552417681045323
12.111571782999507,30.950558353252376,529.8608954311167,18.651203599651197
12.04233025975942,30.687801968837285,524.5946095319559,17.743717064215424
11.972817950328452,30.439328318320737,519.144375049421,16.83685172787933
11.90356645838982,30.208984486284844,513.5625495773177,15.937451178210615
11.835096002042008,30.00044647723991,507.90044783744594,15.05225743475453
11.767911315971038,29.81718623911029,502.2079230355689,14.187860487898387
11.70249771381227,29.662440506209446,496.53296499463244,13.350649269135209
11.639317343027402,29.539181739298314,490.9213184152418,12.54676442977275
11.578805662873748,29.45009142163924,485.4161244309365,11.782053289106063
11.521368174037054,29.39753594896997,480.0575884165237,11.062027294196337
11.46737742625394,29.38354532821419,474.88267677345067,10.391822311840192
11.417170327784998,29.409794874723953,469.9248451589482,9.77616204925743
11.371045777936331,29.47759007113737,465.2138003476935,9.219324873677568
11.329262640988853,29.587854722769848,460.7752976184221,8.725114272590053
11.292038076905978,29.741122515090712,456.6309752458291,8.296833166180186
11.259546241077041,29.937532048529803,452.79822735293493,7.937262251657246
11.231917362143156,30.176825394881448,449.2901160436485,7.648642526059534
11.209237203671874,30.458350188201326,446.1153233924468,7.432662099969725
11.191546912125418,30.781065231605538,443.27814352084124,7.290447379676911
11.178843250233035,31.143549570059708,440.77851464162376,7.222558659968278
11.171079211560004,31.54401494837019,438.61209060476693,7.228990134215134
11.168165008792547,31.980321543432243,436.7703511362893,7.309174293027172
11.169969425057534,32.4499968306221,435.2407496263256,7.461990647775031
11.176321514496005,32.950257416299436,434.00689699794776,7.685778681009781
11.187012635336604,33.47803364196351,433.04877987675036,7.9783548925171015
11.201798795894733,34.02999674091526,432.34301098552,8.337033777702239
11.220403291279505,34.60258830553863,431.86310941098833,8.758652544467367
11.242519606146097,35.19205180273063,431.5798081331001,9.239599345958633
11.267814556606702,35.794465856763544,431.46138597360624,9.775844779755168
11.295931642427758,36.405779003117495,431.4740209121234,10.362976379456242
11.326494578911431,37.021845603717416,431.58216153586295,10.996235802388323
11.359110976399844,37.63846260366203,431.74891323557557,11.670558397470709
11.393376134163727,38.251406802035284,431.9364356362045,12.380614820296461
11.42887691455249,38.85647230481127,432.10634765732874,13.120854348329646
11.465195662697628,39.44950782624045,432.22013653650055,13.885549537891958
11.501914136780337,40.02645350645467,432.2395671185726,14.668841856388243
11.538617413899258,40.58337691733745,432.12708771628536,15.464787918052409
11.574897736904596,41.1165079359366,431.8462288817366,16.267405949407888
11.61035826819734,41.6222721747842,431.3619914945512,17.07072211162969
11.644616717420664,42.09732267134356,430.6412206700409,17.86881631104196
11.677308811186593,42.53856955431075,429.65296211851484,18.655867136033844
11.70809157447346,42.94320742252013,428.3687977440803,19.42619556865106
11.736646395085218,43.30874019257994,426.7631574563692,20.17430713191991
11.762681844566607,43.63300319391216,424.81360438003696,20.89493214946063
11.785936231200779,43.914182314391596,422.50109088277424,21.583063812002603
11.80617986315822,44.1508300260525,419.81018310089473,22.23399376585745
11.82321700249642,44.34187814812343,416.7292519200751,22.84334496105304
11.836887493505142,44.48664723371564,413.2506286651173,23.407101521477582
11.847068051828042,44.58485249656679,409.3707240640996,23.92163542580987
11.853673203841607,44.63660622506344,405.09010937630035,24.383729815987124
11.856655868910446,44.642416662057386,400.4135589069908,24.79059877924019
11.856007580335984,44.603183360474105,395.35005347272835,25.139903480054752
11.851758344045898,44.52018905610532,389.9127447251817,25.429764549533612
11.843976137305452,44.39508813000331,384.1188805868018,25.658770671274084
11.832766052941345,44.22989176327423,377.98969239483614,25.825983334765667
11.81826909772535,44.02694991653278,371.5502446882835,25.930937759187017
11.800660656641456,43.78893029456591,364.8292489024901,25.973640022069905
11.780148637729514,43.518794483610016,357.85884255532034,25.954560458336932
11.756971315034564,43.21977147383193,350.67433581444084,25.874623425451563
11.731394889869282,42.89532880289719,343.31392762458495,25.73519355959462
11.703710793094114,42.54914157770007,335.8183938441985,25.538058675661173
11.674232753413635,42.185059650231466,328.2307500902724,25.285409490230354
11.643293658758788,41.807073240003376,320.5958922162646,24.979816371285274
11.611242239654565,41.41927730928662,312.9602175488476,24.624203341155738
11.57843960504579,41.025835008528176,305.37123018303066,24.221819579744366
11.545255662355983,40.63094051759687,297.87713378049176,23.77620869341812
11.512065454574724,40.238781613887866,290.52641543143477,23.29117603086363
11.479245447898627,39.85350230074873,283.36742422495047,22.770754340598963
11.447169803883474,39.47916582915234,276.4479482259596,22.219168075611446
11.416206670196996,39.11971844203747,269.8147935778722,21.64079665867984
11.38671452389157,38.778954164300245,263.5133694389079,21.040137027290637
11.359038600645839,38.46048095210388,257.5872824166631,20.421765779648545
11.333507442657769,38.16768850306405,252.07794409034034,19.790301243109788
11.310429596815924,37.90371801407154,247.02419510369188,19.150365783456685
11.290090493439884,37.67143415616308,242.46194917507552,18.506548667830543
11.272749534276787,37.473399516100336,238.42386020523182,17.863369785915427
11.258637416582616,37.31185173234266,234.93901546987288,17.22524452321121
11.247953718020831,37.18868352909608,232.03265766457483,16.596450067062083
11.24086476479532,37.105425826303616,229.72593832566164,15.981093410650413
11.237501802919844,37.06323407604006,228.03570488483044,15.383081302576871
11.237959489834239,37.062877947032256,226.9743233294854,14.806092370095795
11.242294720732179,37.10473444919909,226.54953813754565,14.253551622745356
11.250525800991205,37.188784559460416,226.76437083748309,13.728607520203747
11.262631973019044,37.314613378873204,227.61705821424107,13.234111763928356
11.278553302678047,37.481413819694666,229.1010308423206,12.77260194671587
11.298190927249356,37.68799378952584,231.20493228160285,12.346287167988718
11.321407663678208,37.932786808536015,233.91267892237587,11.957036695604067
11.34802897263,38.213865965184276,237.20356011654061,11.606371727536843
11.377844270711345,38.528961086114506,241.05237788509356,11.295460279151634
11.410608580099264,38.87547896726616,245.42962515069982,11.025115194193376
11.44604450180225,39.25052648597273,250.30170111141166,10.795795250333814
11.48384449587553,39.65093638815475,255.63116205022493,10.607609303348475
11.523673449155261,40.073295520882795,261.3770055679569,10.46032338799628
11.565171508486365,40.51397525880161,267.49498593652646,10.353370668654932
11.607957155019632,40.96916385336233,273.93795799862465,10.285864108940972
11.651630492966149,41.43490041668033,280.656246790316,10.256611707115237
11.695776724240828,41.907110237273656,287.5980398374748,10.26413412322772
11.739969778718732,42.3816411130724,294.70979887707085,10.30668450486341
11.783776068383489,42.85430037802557,301.93668758193314,10.382270301166093
11.82675833247886,43.32089229245375,309.22301172421214,10.488676839677138
11.868479539893322,43.777255464054285,316.5126680996002,10.6234924275498
11.908506814420864,44.21929996619204,323.74959845244325,10.784134727982895
11.946415348254938,44.64304382280525,330.878244591904,10.967878154338553
11.98179226908897,45.04464853489744,337.84400087178676,11.171882018423068
12.014240426516606,45.42045333212362,344.5936602216636,11.393219165850935
12.043382064045092,45.7670078443357,351.07584996446565,11.628904830293225
12.068862343951078,46.08110290202679,357.2414537353285,11.875925439721879
12.090352693411745,46.35979919128182,363.0440159275579,12.13126711147077
12.107553941825497,46.600453507953794,368.440125233188,12.391943578989824
12.12019922098284,46.800742377171304,373.38977401654705,12.655023301497039
12.128056601744625,46.95868282775266,377.85669045809567,12.917655518241705
12.130931443114342,47.07265013644606,381.8086406308772,13.177095021668991
12.128668432034761,47.14139238390846,385.21769792132324,13.4307254382914
12.1211532948755,47.16404169273703,388.0604774777788,13.676080822379971
12.108314164384796,47.14012204742362,390.31833366164483,13.910865385526094
12.090122588831445,47.069553626551155,391.97751878502453,14.132971204518345
12.066594173135993,46.952653608620544,393.02930174256477,14.340493770640514
12.037788844957634,46.790133444309234,393.47004548107486,14.531745265229453
12.003810741937066,46.58309261944088,393.30124259561086,14.705265468928603
11.964807719568231,46.333008964205874,392.5295086921259,14.859830235322779
11.920970482454754,46.04172559493932,391.1665335114893,14.994457483324354
11.872531344971819,45.71143460476044,389.2289901646886,15.108410686581099
11.819762630572704,45.344657648338824,386.73840318129527,15.201199862070778
11.76297472212341,44.9442235937203,383.72097641982987,15.272580083718053
11.7025137786914,44.5132434402723,380.20738222653586,15.322547570099719
11.638759137129124,44.055082726161764,376.2325135554018,15.35133341788374
11.572120419554075,43.573331671142654,371.8352010742774,15.35939507437245
11.50303437041098,43.07177332060338,367.05789757694754,15.347405663196588
11.431961449185428,42.55434997462974,361.94633229656546,15.316241296649126
11.359382207001325,42.02512820111598,356.54913796953554,15.26696652618615
11.285793477257757,41.48826274456931,350.9174537286363,15.200818099096113
11.211704412127652,40.94795965209094,345.10450710791844,15.11918720410766
11.137632398136033,40.40843894498886,339.1651786179687,15.02360040164147
11.064098885147557,39.87389716852584,333.15555249700674,14.915699445404947
10.991625163911454,39.348470153390295,327.13245735971685,14.797220210988915
10.920728127829527,38.83619632059153,321.15300055073175,14.669970953980089
10.851916054824816,38.34098085663982,315.274100062547,14.535810124801058
10.785684445092683,37.86656107811769,309.55201789791624,14.396623969997009
10.72251195011296,37.416473294153995,304.04189874427146,14.254304149994958
10.662856427594596,36.99402146196743,298.7973177825597,14.110725601473593
10.607151156018631,36.602247914672695,293.8698413754511,13.967724868430082
10.55580124114981,36.24390642208255,289.3086042708277,13.827079119860576
10.509180245312452,35.921437824454514,285.15990681674873,13.69048606375322
10.467627068385635,35.636948456211016,281.46683551486296,13.559544956910628
10.431443107381916,35.39219155180716,278.26891004199985,13.43573889807784
10.400889719150376,35.188551799354286,275.60175964604315,13.320418578072301
